1.0000000000000	-146.69936211958
1.0240000000000	-146.80713955679
1.0480000000000	-146.13293031460
1.0720000000000	-144.97887202387
1.0960000000000	-143.59059721315
1.1200000000000	-142.24859559257
1.1440000000000	-141.01435677794
1.1680000000000	-139.86527858292
1.1920000000000	-138.82176680701
1.2160000000000	-137.90895825600
1.2400000000000	-137.11654579694
1.2640000000000	-136.42149459448
1.2880000000000	-135.81246644510
1.3120000000000	-135.28051809736
1.3360000000000	-134.80684180872
1.3600000000000	-134.37408687537
1.3840000000000	-133.97988735481
1.4080000000000	-133.62841612805
1.4320000000000	-133.31661960144
1.4560000000000	-133.03706231642
1.4800000000000	-132.78631913353
1.5040000000000	-132.56157301851
1.5280000000000	-132.35469487375
1.5520000000000	-132.15798177085
1.5760000000000	-131.97128429184
1.6000000000000	-131.79671773134
1.6240000000000	-131.63140444550
1.6480000000000	-131.47113215163
1.6720000000000	-131.31543000871
1.6960000000000	-131.16354255405
1.7200000000000	-131.01092944668
1.7440000000000	-130.85425661294
1.7680000000000	-130.69428838012
1.7920000000000	-130.53058729225
1.8160000000000	-130.35929959132
1.8400000000000	-130.17841536071
1.8640000000000	-129.98937512284
1.8880000000000	-129.79237159181
1.9120000000000	-129.58556688105
1.9360000000000	-129.36879541104
1.9600000000000	-129.14295554036
1.9840000000000	-128.90683482058
2.0080000000000	-128.65908765195
2.0320000000000	-128.40186386097
2.0560000000000	-128.13903673717
2.0800000000000	-127.87283275691
2.1040000000000	-127.60447045085
2.1280000000000	-127.33546615610
2.1520000000000	-127.06634176552
2.1760000000000	-126.79642873651
2.2000000000000	-126.52646381551
2.2240000000000	-126.25955110776
2.2480000000000	-125.99885401429
2.2720000000000	-125.74592573935
2.2960000000000	-125.50123604628
2.3200000000000	-125.26442380743
2.3440000000000	-125.03393752984
2.3680000000000	-124.80814375085
2.3920000000000	-124.58715734175
2.4160000000000	-124.37262838951
2.4400000000000	-124.16585832170
2.4640000000000	-123.96683136036
2.4880000000000	-123.77441867272
2.5120000000000	-123.58646409766
2.5360000000000	-123.40017129028
2.5600000000000	-123.21357317912
2.5840000000000	-123.02663984305
2.6080000000000	-122.84048441025
2.6320000000000	-122.65577498379
2.6560000000000	-122.47206349277
2.6800000000000	-122.28785791877
2.7040000000000	-122.10088233719
2.7280000000000	-121.90899573173
2.7520000000000	-121.71156707074
2.7760000000000	-121.50979642782
2.8000000000000	-121.30553163445
2.8240000000000	-121.09995795580
2.8480000000000	-120.89313491008
2.8720000000000	-120.68410731677
2.8960000000000	-120.47145657826
2.9200000000000	-120.25440356011
2.9440000000000	-120.03369612611
2.9680000000000	-119.81128353529
2.9920000000000	-119.58910802265
3.0160000000000	-119.36816014055
3.0400000000000	-119.14824208450
3.0640000000000	-118.92826232081
3.0880000000000	-118.70701095888
3.1120000000000	-118.48414629955
3.1360000000000	-118.26059355422
3.1600000000000	-118.03794231456
3.1840000000000	-117.81743647747
3.2080000000000	-117.59934587883
3.2320000000000	-117.38292937488
3.2560000000000	-117.16689480672
3.2800000000000	-116.95021719198
3.3040000000000	-116.73286230297
3.3280000000000	-116.51581876587
3.3520000000000	-116.30040834830
3.3760000000000	-116.08747378237
3.4000000000000	-115.87697249076
3.4240000000000	-115.66808859632
3.4480000000000	-115.45977240170
3.4720000000000	-115.25146395513
3.4960000000000	-115.04352995493
3.5200000000000	-114.83705635844
3.5440000000000	-114.63317099162
3.5680000000000	-114.43241285430
3.5920000000000	-114.23450311926
3.6160000000000	-114.03857205420
3.6400000000000	-113.84371592483
3.6640000000000	-113.64958269826
3.6880000000000	-113.45658541372
3.7120000000000	-113.26557774224
3.7360000000000	-113.07725035279
3.7600000000000	-112.89166876369
3.7840000000000	-112.70819570854
3.8080000000000	-112.52580559292
3.8320000000000	-112.34362329910
3.8560000000000	-112.16137092183
3.8800000000000	-111.97941568474
3.9040000000000	-111.79839079421
3.9280000000000	-111.61867649413
3.9520000000000	-111.44008068384
3.9760000000000	-111.26188143504
4.0000000000000	-111.08319044355
4.0240000000000	-110.90343234834
4.0480000000000	-110.72264093259
4.0720000000000	-110.54136903604
4.0960000000000	-110.36028451717
4.1200000000000	-110.17973801267
4.1440000000000	-109.99956637398
4.1680000000000	-109.81922328608
4.1920000000000	-109.63814896866
4.2160000000000	-109.45615667119
4.2400000000000	-109.27358589041
4.2640000000000	-109.09111953374
4.2880000000000	-108.90939839591
4.3120000000000	-108.72868983311
4.3360000000000	-108.54880197183
4.3600000000000	-108.36927513737
4.3840000000000	-108.18972973940
4.4080000000000	-108.01015690251
4.4320000000000	-107.83096495382
4.4560000000000	-107.65275656873
4.4800000000000	-107.47599371471
4.5040000000000	-107.30076556083
4.5280000000000	-107.12678952019
4.5520000000000	-106.95363295671
4.5760000000000	-106.78101931904
4.6000000000000	-106.60902971399
4.6240000000000	-106.43807309857
4.6480000000000	-106.26865187620
4.6720000000000	-106.10108179577
4.6960000000000	-105.93533981987
4.7200000000000	-105.77112198559
4.7440000000000	-105.60806812443
4.7680000000000	-105.44601455540
4.7920000000000	-105.28511711430
4.8160000000000	-105.12576819021
4.8400000000000	-104.96836675869
4.8640000000000	-104.81309098886
4.8880000000000	-104.65980984411
4.9120000000000	-104.50817828309
4.9360000000000	-104.35785264039
4.9600000000000	-104.20869275694
4.9840000000000	-104.06082485159
5.0080000000000	-103.91452822581
5.0320000000000	-103.77002319260
5.0560000000000	-103.62729586787
5.0800000000000	-103.48606425479
5.1040000000000	-103.34590087321
5.1280000000000	-103.20643506249
5.1520000000000	-103.06751089486
5.1760000000000	-102.92920404390
5.2000000000000	-102.79169173143
5.2240000000000	-102.65506376809
5.2480000000000	-102.51919502889
5.2720000000000	-102.38375547946
5.2960000000000	-102.24834843206
5.3200000000000	-102.11269132870
5.3440000000000	-101.97672774749
5.3680000000000	-101.84060268065
5.3920000000000	-101.70452109210
5.4160000000000	-101.56858277952
5.4400000000000	-101.43269636226
5.4640000000000	-101.29662161900
5.4880000000000	-101.16011029990
5.5120000000000	-101.02305661152
5.5360000000000	-100.88556340201
5.5600000000000	-100.74788410038
5.5840000000000	-100.61028007862
5.6080000000000	-100.47288454046
5.6320000000000	-100.33565535880
5.6560000000000	-100.19844140811
5.6800000000000	-100.06111780921
5.7040000000000	-99.923704739456
5.7280000000000	-99.786395977347
5.7520000000000	-99.649481394791
5.7760000000000	-99.513214767705
5.8000000000000	-99.377710086204
5.8240000000000	-99.242928076019
5.8480000000000	-99.108757479078
5.8720000000000	-98.975138451757
5.8960000000000	-98.842150994083
5.9200000000000	-98.710014297240
5.9440000000000	-98.578999646573
5.9680000000000	-98.449313205502
5.9920000000000	-98.321021099804
6.0160000000000	-98.194060195199
6.0400000000000	-98.068324599922
6.0640000000000	-97.943772515121
6.0880000000000	-97.820486763249
6.1120000000000	-97.698652113419
6.1360000000000	-97.578465027514
6.1600000000000	-97.460032751349
6.1840000000000	-97.343323005077
6.2080000000000	-97.228192532229
6.2320000000000	-97.114474399696
6.2560000000000	-97.002068981722
6.2800000000000	-96.890982393623
6.3040000000000	-96.781289704280
6.3280000000000	-96.673047572618
6.3520000000000	-96.566211652469
6.3760000000000	-96.460609529291
6.4000000000000	-96.355984789046
6.4240000000000	-96.252084481537
6.4480000000000	-96.148736456702
6.4720000000000	-96.045870185429
6.4960000000000	-95.943470599326
6.5200000000000	-95.841496480762
6.5440000000000	-95.739816130538
6.5680000000000	-95.638200902178
6.5920000000000	-95.536380694412
6.6160000000000	-95.434127461886
6.6400000000000	-95.331316019367
6.6640000000000	-95.227926104557
6.6880000000000	-95.123986799200
6.7120000000000	-95.019500209541
6.7360000000000	-94.914392992131
6.7600000000000	-94.808525507930
6.7840000000000	-94.701751972318
6.8080000000000	-94.593993545090
6.8320000000000	-94.485278805852
6.8560000000000	-94.375727004906
6.8800000000000	-94.265485575457
6.9040000000000	-94.154661432715
6.9280000000000	-94.043288070450
6.9520000000000	-93.931346974436
6.9760000000000	-93.818827907441
7.0000000000000	-93.705789052929
7.0240000000000	-93.592378931179
7.0480000000000	-93.478806578128
7.0720000000000	-93.365278963691
7.0960000000000	-93.251944321822
7.1200000000000	-93.138875127694
7.1440000000000	-93.026099063991
7.1680000000000	-92.913656742716
7.1920000000000	-92.801649131207
7.2160000000000	-92.690244883932
7.2400000000000	-92.579643303061
7.2640000000000	-92.470016187854
7.2880000000000	-92.361464120242
7.3120000000000	-92.254012767025
7.3360000000000	-92.147649604163
7.3600000000000	-92.042376837295
7.3840000000000	-91.938246998690
7.4080000000000	-91.835359123440
7.4320000000000	-91.733818238874
7.4560000000000	-91.633683473708
7.4800000000000	-91.534936457631
7.5040000000000	-91.437488497872
7.5280000000000	-91.341221006256
7.5520000000000	-91.246033595712
7.5760000000000	-91.151870190511
7.6000000000000	-91.058707701899
7.6240000000000	-90.966515353253
7.6480000000000	-90.875210816035
7.6720000000000	-90.784640843676
7.6960000000000	-90.694598604314
7.7200000000000	-90.604867327577
7.7440000000000	-90.515264043911
7.7680000000000	-90.425657670262
7.7920000000000	-90.335952075940
7.8160000000000	-90.246046719746
7.8400000000000	-90.155801161088
7.8640000000000	-90.065026833240
7.8880000000000	-89.973512153938
7.9120000000000	-89.881066313908
7.9360000000000	-89.787555699508
7.9600000000000	-89.692911790632
7.9840000000000	-89.597107358871
8.0080000000000	-89.500117443226
8.0320000000000	-89.401890515677
8.0560000000000	-89.302348146587
8.0800000000000	-89.201413204761
8.1040000000000	-89.099048746253
8.1280000000000	-88.995283276177
8.1520000000000	-88.890206840120
8.1760000000000	-88.783940708520
8.2000000000000	-88.676599588412
8.2240000000000	-88.568269254392
8.2480000000000	-88.459012163332
8.2720000000000	-88.348895869160
8.2960000000000	-88.238025019150
8.3200000000000	-88.126555916157
8.3440000000000	-88.014683903661
8.3680000000000	-87.902610871026
8.3920000000000	-87.790512218917
8.4160000000000	-87.678522355250
8.4400000000000	-87.566745824063
8.4640000000000	-87.455285251967
8.4880000000000	-87.344267259330
8.5120000000000	-87.233849286867
8.5360000000000	-87.124202533182
8.5600000000000	-87.015481076355
8.5840000000000	-86.907795509281
8.6080000000000	-86.801206195084
8.6320000000000	-86.695738913095
8.6560000000000	-86.591412012791
8.6800000000000	-86.488257539246
8.7040000000000	-86.386323018198
8.7280000000000	-86.285652879970
8.7520000000000	-86.186261138240
8.7760000000000	-86.088112150206
8.8000000000000	-85.991121081803
8.8240000000000	-85.895173547835
8.8480000000000	-85.800152350037
8.8720000000000	-85.705955296636
8.8960000000000	-85.612494027169
8.9200000000000	-85.519675788800
8.9440000000000	-85.427380705424
8.9680000000000	-85.335449740759
8.9920000000000	-85.243691812804
9.0160000000000	-85.151906701172
9.0400000000000	-85.059910823229
9.0640000000000	-84.967551465487
9.0880000000000	-84.874702457804
9.1120000000000	-84.781245878266
9.1360000000000	-84.687052910864
9.1600000000000	-84.591977201214
9.1840000000000	-84.495865996674
9.2080000000000	-84.398583160728
9.2320000000000	-84.300030782684
9.2560000000000	-84.200157057461
9.2800000000000	-84.098946675730
9.3040000000000	-83.996400691821
9.3280000000000	-83.892519001873
9.3520000000000	-83.787296439213
9.3760000000000	-83.680734608644
9.4000000000000	-83.572861603720
9.4240000000000	-83.463746870220
9.4480000000000	-83.353501601101
9.4720000000000	-83.242264065051
9.4960000000000	-83.130178446898
9.5200000000000	-83.017379417368
9.5440000000000	-82.903990667160
9.5680000000000	-82.790136729526
9.5920000000000	-82.675959199480
9.6160000000000	-82.561625952179
9.6400000000000	-82.447326546073
9.6640000000000	-82.333255655555
9.6880000000000	-82.219593668924
9.7120000000000	-82.106495073940
9.7360000000000	-81.994090215387
9.7600000000000	-81.882497733726
9.7840000000000	-81.771838614033
9.8080000000000	-81.662242108618
9.8320000000000	-81.553839091754
9.8560000000000	-81.446746273305
9.8800000000000	-81.341050271523
9.9040000000000	-81.236800497463
9.9280000000000	-81.134014331345
9.9520000000000	-81.032690646042
9.9760000000000	-80.932822897325
10.000000000000	-80.834403617207
10.024000000000	-80.737417719553
10.048000000000	-80.641829059759
10.072000000000	-80.547568867329
10.096000000000	-80.454533511942
10.120000000000	-80.362593391756
10.144000000000	-80.271608083165
10.168000000000	-80.181439316427
10.192000000000	-80.091954962072
10.216000000000	-80.003022958991
10.240000000000	-79.914500406516
10.264000000000	-79.826226012080
10.288000000000	-79.738021965092
10.312000000000	-79.649705477130
10.336000000000	-79.561104313825
10.360000000000	-79.472068268727
10.384000000000	-79.382471106921
10.408000000000	-79.292203388890
10.432000000000	-79.201162100245
10.456000000000	-79.109244761687
10.480000000000	-79.016352660558
10.504000000000	-78.922401985622
10.528000000000	-78.827336622010
10.552000000000	-78.731135260692
10.576000000000	-78.633808918934
10.600000000000	-78.535390756331
10.624000000000	-78.435924585857
10.648000000000	-78.335458958562
10.672000000000	-78.234049939777
10.696000000000	-78.131770109586
10.720000000000	-78.028717389519
10.744000000000	-77.925017402434
10.768000000000	-77.820817061011
10.792000000000	-77.716272410616
10.816000000000	-77.611537114679
10.840000000000	-77.506757352103
10.864000000000	-77.402074782928
10.888000000000	-77.297634237856
10.912000000000	-77.193589971173
10.936000000000	-77.090105343357
10.960000000000	-76.987344944884
10.984000000000	-76.885462829418
11.008000000000	-76.784592842821
11.032000000000	-76.684845668148
11.056000000000	-76.586313085509
11.080000000000	-76.489075638481
11.104000000000	-76.393208015977
11.128000000000	-76.298778081831
11.152000000000	-76.205839551239
11.176000000000	-76.114422304611
11.200000000000	-76.024525827688
11.224000000000	-75.936119418757
11.248000000000	-75.849148797557
11.272000000000	-75.763545049101
11.296000000000	-75.679230669815
11.320000000000	-75.596119514745
11.344000000000	-75.514111389247
11.368000000000	-75.433085458298
11.392000000000	-75.352897479384
11.416000000000	-75.273383627679
11.440000000000	-75.194369773480
11.464000000000	-75.115681886953
11.488000000000	-75.037152712736
11.512000000000	-74.958622272069
11.536000000000	-74.879933603837
11.560000000000	-74.800928069899
11.584000000000	-74.721444744985
11.608000000000	-74.641325797517
11.632000000000	-74.560425981635
11.656000000000	-74.478621742464
11.680000000000	-74.395815587404
11.704000000000	-74.311934178703
11.728000000000	-74.226922304161
11.752000000000	-74.140737192723
11.776000000000	-74.053347157473
11.800000000000	-73.964735614026
11.824000000000	-73.874907987755
11.848000000000	-73.783897079717
11.872000000000	-73.691763285639
11.896000000000	-73.598589106015
11.920000000000	-73.504470737747
11.944000000000	-73.409511130102
11.968000000000	-73.313817776807
11.992000000000	-73.217505440976
12.016000000000	-73.120700897454
12.040000000000	-73.023545534241
12.064000000000	-72.926193000556
12.088000000000	-72.828802143354
12.112000000000	-72.731528329603
12.136000000000	-72.634517167476
12.160000000000	-72.537903101946
12.184000000000	-72.441812362897
12.208000000000	-72.346367142233
12.232000000000	-72.251687240789
12.256000000000	-72.157887098092
12.280000000000	-72.065069033238
12.304000000000	-71.973315887995
12.328000000000	-71.882686653583
12.352000000000	-71.793216887142
12.376000000000	-71.704922902657
12.400000000000	-71.617806581179
12.424000000000	-71.531857467967
12.448000000000	-71.447050682731
12.472000000000	-71.363341904012
12.496000000000	-71.280662627628
12.520000000000	-71.198918877105
12.544000000000	-71.117994600536
12.568000000000	-71.037758323942
12.592000000000	-70.958069866193
12.616000000000	-70.878784110530
12.640000000000	-70.799750831320
12.664000000000	-70.720812148304
12.688000000000	-70.641800744117
12.712000000000	-70.562541585117
12.736000000000	-70.482857786786
12.760000000000	-70.402578758193
12.784000000000	-70.321547379749
12.808000000000	-70.239623549371
12.832000000000	-70.156683601894
12.856000000000	-70.072617520041
12.880000000000	-69.987327029850
12.904000000000	-69.900726904236
12.928000000000	-69.812749586019
12.952000000000	-69.723350970159
12.976000000000	-69.632514258720
13.000000000000	-69.540249781071
13.024000000000	-69.446590934825
13.048000000000	-69.351588545105
13.072000000000	-69.255306650833
13.096000000000	-69.157821598957
13.120000000000	-69.059224090196
13.144000000000	-68.959621867702
13.168000000000	-68.859140264572
13.192000000000	-68.757919089371
13.216000000000	-68.656106522103
13.240000000000	-68.553852455212
13.264000000000	-68.451303977543
13.288000000000	-68.348604335297
13.312000000000	-68.245894577848
13.336000000000	-68.143315514037
13.360000000000	-68.041007510923
13.384000000000	-67.939107082201
13.408000000000	-67.837741244185
13.432000000000	-67.737022019132
13.456000000000	-67.637043405367
13.480000000000	-67.537881681201
13.504000000000	-67.439597972844
13.528000000000	-67.342240773575
13.552000000000	-67.245846287292
13.576000000000	-67.150435944338
13.600000000000	-67.056012288783
13.624000000000	-66.962555542637
13.648000000000	-66.870022861956
13.672000000000	-66.778350812056
13.696000000000	-66.687459818619
13.720000000000	-66.597258366169
13.744000000000	-66.507645093028
13.768000000000	-66.418508420648
13.792000000000	-66.329725036247
13.816000000000	-66.241159397527
13.840000000000	-66.152665938479
13.864000000000	-66.064094133558
13.888000000000	-65.975294951673
13.912000000000	-65.886126481982
13.936000000000	-65.796457080095
13.960000000000	-65.706165903458
13.984000000000	-65.615142241656
14.008000000000	-65.523285666042
14.032000000000	-65.430508360428
14.056000000000	-65.336739474591
14.080000000000	-65.241929907349
14.104000000000	-65.146055455452
14.128000000000	-65.049117038970
14.152000000000	-64.951138250872
14.176000000000	-64.852161837369
14.200000000000	-64.752247079449
14.224000000000	-64.651469218284
14.248000000000	-64.549920579970
14.272000000000	-64.447711829980
14.296000000000	-64.344971567374
14.320000000000	-64.241843369072
14.344000000000	-64.138480847657
14.368000000000	-64.035042400341
14.392000000000	-63.931687434201
14.416000000000	-63.828574909108
14.440000000000	-63.725863634261
14.464000000000	-63.623712739816
14.488000000000	-63.522280718535
14.512000000000	-63.421722384009
14.536000000000	-63.322184425958
14.560000000000	-63.223801149390
14.584000000000	-63.126691928186
14.608000000000	-63.030960938512
14.632000000000	-62.936698457928
14.656000000000	-62.843982191668
14.680000000000	-62.752877200864
14.704000000000	-62.663433974411
14.728000000000	-62.575685416536
14.752000000000	-62.489644280155
14.776000000000	-62.405302419318
14.800000000000	-62.322632270507
14.824000000000	-62.241589787114
14.848000000000	-62.162117351383
14.872000000000	-62.084145382450
14.896000000000	-62.007592319638
14.920000000000	-61.932363803426
14.944000000000	-61.858352514939
14.968000000000	-61.785439887214
14.992000000000	-61.713499917314
15.016000000000	-61.642404174885
15.040000000000	-61.572026492073
15.064000000000	-61.502246088203
15.088000000000	-61.432948859237
15.112000000000	-61.364027653679
15.136000000000	-61.295382905497
15.160000000000	-61.226924674248
15.184000000000	-61.158576152323
15.208000000000	-61.090277642151
15.232000000000	-61.021989523890
15.256000000000	-60.953693120160
15.280000000000	-60.885389388514
15.304000000000	-60.817096421769
15.328000000000	-60.748847187298
15.352000000000	-60.680688530433
15.376000000000	-60.612681463621
15.400000000000	-60.544901777676
15.424000000000	-60.477439642174
15.448000000000	-60.410397329106
15.472000000000	-60.343885211222
15.496000000000	-60.278017138779
15.520000000000	-60.212906614204
15.544000000000	-60.148664678572
15.568000000000	-60.085399404617
15.592000000000	-60.023215968982
15.616000000000	-59.962215997379
15.640000000000	-59.902495396983
15.664000000000	-59.844140889194
15.688000000000	-59.787226329954
15.712000000000	-59.731810131310
15.736000000000	-59.677934544937
15.760000000000	-59.625626568808
15.784000000000	-59.574899388860
15.808000000000	-59.525753072314
15.832000000000	-59.478173801600
15.856000000000	-59.432131934410
15.880000000000	-59.387580002222
15.904000000000	-59.344451925053
15.928000000000	-59.302664127051
15.952000000000	-59.262118239986
15.976000000000	-59.222704274208
16.000000000000	-59.184303000611
16.024000000000	-59.146786903263
16.048000000000	-59.110020061484
16.072000000000	-59.073858100948
16.096000000000	-59.038149442272
16.120000000000	-59.002738410768
16.144000000000	-58.967469743325
16.168000000000	-58.932193249014
16.192000000000	-58.896767315411
16.216000000000	-58.861060642304
16.240000000000	-58.824952613645
16.264000000000	-58.788333465601
16.288000000000	-58.751105419915
16.312000000000	-58.713185218720
16.336000000000	-58.674507463725
16.360000000000	-58.635027459466
16.384000000000	-58.594722321437
16.408000000000	-58.553589908610
16.432000000000	-58.511646201734
16.456000000000	-58.468922438748
16.480000000000	-58.425463226123
16.504000000000	-58.381326033705
16.528000000000	-58.336581448943
16.552000000000	-58.291312944141
16.576000000000	-58.245615076233
16.600000000000	-58.199589891992
16.624000000000	-58.153342334493
16.648000000000	-58.106976019460
16.672000000000	-58.060590526889
16.696000000000	-58.014280469384
16.720000000000	-57.968135586226
16.744000000000	-57.922240577894
16.768000000000	-57.876673655413
16.792000000000	-57.831503669500
16.816000000000	-57.786786664627
16.840000000000	-57.742563180136
16.864000000000	-57.698857306668
16.888000000000	-57.655677590209
16.912000000000	-57.613018908051
16.936000000000	-57.570864001745
16.960000000000	-57.529183705026
16.984000000000	-57.487935837709
17.008000000000	-57.447063688899
17.032000000000	-57.406495411150
17.056000000000	-57.366145249502
17.080000000000	-57.325916571064
17.104000000000	-57.285705714787
17.128000000000	-57.245405314190
17.152000000000	-57.204906178482
17.176000000000	-57.164097788910
17.200000000000	-57.122868389700
17.224000000000	-57.081105965183
17.248000000000	-57.038700901403
17.272000000000	-56.995550122629
17.296000000000	-56.951561575551
17.320000000000	-56.906657660561
17.344000000000	-56.860776748444
17.368000000000	-56.813872949685
17.392000000000	-56.765915202934
17.416000000000	-56.716886977408
17.440000000000	-56.666787306601
17.464000000000	-56.615632842657
17.488000000000	-56.563459771236
17.512000000000	-56.510324277104
17.536000000000	-56.456300898156
17.560000000000	-56.401479164265
17.584000000000	-56.345959752600
17.608000000000	-56.289851504848
17.632000000000	-56.233269982373
17.656000000000	-56.176337192520
17.680000000000	-56.119181333469
17.704000000000	-56.061935347138
17.728000000000	-56.004733769058
17.752000000000	-55.947708395148
17.776000000000	-55.890984025988
17.800000000000	-55.834675555716
17.824000000000	-55.778886943394
17.848000000000	-55.723711576984
17.872000000000	-55.669232825928
17.896000000000	-55.615523599107
17.920000000000	-55.562644462286
17.944000000000	-55.510640879132
17.968000000000	-55.459540818876
17.992000000000	-55.409353917919
18.016000000000	-55.360072626328
18.040000000000	-55.311674762950
18.064000000000	-55.264126241809
18.088000000000	-55.217382808051
18.112000000000	-55.171390386245
18.136000000000	-55.126084640298
18.160000000000	-55.081390976380
18.184000000000	-55.037226107544
18.208000000000	-54.993501502153
18.232000000000	-54.950128025725
18.256000000000	-54.907020455190
18.280000000000	-54.864100668705
18.304000000000	-54.821299118293
18.328000000000	-54.778555196692
18.352000000000	-54.735817713845
18.376000000000	-54.693046539950
18.400000000000	-54.650215644653
18.424000000000	-54.607316760405
18.448000000000	-54.564362324301
18.472000000000	-54.521386556124
18.496000000000	-54.478444398004
18.520000000000	-54.435609063739
18.544000000000	-54.392969521436
18.568000000000	-54.350629025957
18.592000000000	-54.308704958301
18.616000000000	-54.267329234983
18.640000000000	-54.226648017200
18.664000000000	-54.186819696576
18.688000000000	-54.148011016052
18.712000000000	-54.110392178891
18.736000000000	-54.074132317555
18.760000000000	-54.039396431394
18.784000000000	-54.006344013195
18.808000000000	-53.975128592657
18.832000000000	-53.945896911738
18.856000000000	-53.918786711666
18.880000000000	-53.893922997069
18.904000000000	-53.871413628383
18.928000000000	-53.851345600961
18.952000000000	-53.833783099740
18.976000000000	-53.818767527663
19.000000000000	-53.806318713781
19.024000000000	-53.796435993863
19.048000000000	-53.789098126782
19.072000000000	-53.784261911907
19.096000000000	-53.781860382499
19.120000000000	-53.781801973719
19.144000000000	-53.783971783180
19.168000000000	-53.788235104277
19.192000000000	-53.794442350988
19.216000000000	-53.802433921544
19.240000000000	-53.812043803296
19.264000000000	-53.823101658144
19.288000000000	-53.835434196756
19.312000000000	-53.848867210810
19.336000000000	-53.863229333614
19.360000000000	-53.878357592996
19.384000000000	-53.894103685634
19.408000000000	-53.910339312146
19.432000000000	-53.926959235559
19.456000000000	-53.943881797592
19.480000000000	-53.961047833806
19.504000000000	-53.978419563051
19.528000000000	-53.995980709826
19.552000000000	-54.013738033256
19.576000000000	-54.031723230757
19.600000000000	-54.049993590135
19.624000000000	-54.068630160394
19.648000000000	-54.087733389467
19.672000000000	-54.107417452572
19.696000000000	-54.127805109496
19.720000000000	-54.149024503615
19.744000000000	-54.171208082487
19.768000000000	-54.194492495513
19.792000000000	-54.219017689613
19.816000000000	-54.244923862631
19.840000000000	-54.272346198402
19.864000000000	-54.301408655167
19.888000000000	-54.332218707033
19.912000000000	-54.364864457545
19.936000000000	-54.399414218272
19.960000000000	-54.435917244662
19.984000000000	-54.474403679856
20.008000000000	-54.514882279729
20.032000000000	-54.557335906418
20.056000000000	-54.601716276456
20.080000000000	-54.647940154902
20.104000000000	-54.695888664995
20.128000000000	-54.745409912266
20.152000000000	-54.796323548235
20.176000000000	-54.848425151175
20.200000000000	-54.901488844165
20.224000000000	-54.955268109912
20.248000000000	-55.009496391346
20.272000000000	-55.063889786891
20.296000000000	-55.118153462830
20.320000000000	-55.171991640213
20.344000000000	-55.225119162788
20.368000000000	-55.277271804417
20.392000000000	-55.328213162617
20.416000000000	-55.377737839061
20.440000000000	-55.425672542235
20.464000000000	-55.471877595463
20.488000000000	-55.516250560453
20.512000000000	-55.558731741232
20.536000000000	-55.599309405978
20.560000000000	-55.638021877141
20.584000000000	-55.674954693549
20.608000000000	-55.710233285194
20.632000000000	-55.744013717439
20.656000000000	-55.776474784345
20.680000000000	-55.807813602193
20.704000000000	-55.838244525737
20.728000000000	-55.867999066719
20.752000000000	-55.897323826377
20.776000000000	-55.926474673026
20.800000000000	-55.955707774082
20.824000000000	-55.985270186427
20.848000000000	-56.015393226305
20.872000000000	-56.046290418886
20.896000000000	-56.078159269797
20.920000000000	-56.111183906621
20.944000000000	-56.145535121175
20.968000000000	-56.181365844753
20.992000000000	-56.218802757503
21.016000000000	-56.257937012319
21.040000000000	-56.298817594596
21.064000000000	-56.341449307605
21.088000000000	-56.385794666702
21.112000000000	-56.431776724026
21.136000000000	-56.479279425974
21.160000000000	-56.528143863206
21.184000000000	-56.578161744983
21.208000000000	-56.629069883125
21.232000000000	-56.680549908191
21.256000000000	-56.732235499823
21.280000000000	-56.783726128028
21.304000000000	-56.834603537516
21.328000000000	-56.884446577929
21.352000000000	-56.932841869953
21.376000000000	-56.979391062327
21.400000000000	-57.023718048296
21.424000000000	-57.065479767643
21.448000000000	-57.104381822371
21.472000000000	-57.140196447158
21.496000000000	-57.172777664849
21.520000000000	-57.202068514188
21.544000000000	-57.228098231751
21.568000000000	-57.250971566607
21.592000000000	-57.270855509082
21.616000000000	-57.287968793735
21.640000000000	-57.302576574725
21.664000000000	-57.314988504414
21.688000000000	-57.325555649359
21.712000000000	-57.334661990782
21.736000000000	-57.342709506118
21.760000000000	-57.350100021362
21.784000000000	-57.357219558096
21.808000000000	-57.364430149755
21.832000000000	-57.372070413889
21.856000000000	-57.380461656769
21.880000000000	-57.389913583386
21.904000000000	-57.400724372108
21.928000000000	-57.413173538703
21.952000000000	-57.427510484895
21.976000000000	-57.443944242346
22.000000000000	-57.462639113482
22.024000000000	-57.483717133325
22.048000000000	-57.507263765050
22.072000000000	-57.533330712594
22.096000000000	-57.561930796669
22.120000000000	-57.593024031438
22.144000000000	-57.626499043597
22.168000000000	-57.662156946287
22.192000000000	-57.699703993618
22.216000000000	-57.738755228813
22.240000000000	-57.778846276873
22.264000000000	-57.819447395018
22.288000000000	-57.859974709223
22.312000000000	-57.899797772672
22.336000000000	-57.938247594374
22.360000000000	-57.974631846428
22.384000000000	-58.008262105323
22.408000000000	-58.038492356934
22.432000000000	-58.064761638331
22.456000000000	-58.086630347206
22.480000000000	-58.103801606758
22.504000000000	-58.116125297451
22.528000000000	-58.123589456743
22.552000000000	-58.126307609104
22.576000000000	-58.124509082110
22.600000000000	-58.118533677989
22.624000000000	-58.108825993620
22.648000000000	-58.095922225271
22.672000000000	-58.080425157445
22.696000000000	-58.062969529958
22.720000000000	-58.044186078830
22.744000000000	-58.024674403016
22.768000000000	-58.004991116322
22.792000000000	-57.985652523384
22.816000000000	-57.967144421033
22.840000000000	-57.949929326325
22.864000000000	-57.934444671794
22.888000000000	-57.921092251425
22.912000000000	-57.910225384941
22.936000000000	-57.902142196585
22.960000000000	-57.897089908664
22.984000000000	-57.895278159413
23.008000000000	-57.896893113450
23.032000000000	-57.902102266519
23.056000000000	-57.911043605424
23.080000000000	-57.923800194283
23.104000000000	-57.940368224632
23.128000000000	-57.960629228052
23.152000000000	-57.984334115585
23.176000000000	-58.011099879461
23.200000000000	-58.040413295996
23.224000000000	-58.071633804226
23.248000000000	-58.103991428269
23.272000000000	-58.136583179920
23.296000000000	-58.168378272600
23.320000000000	-58.198244097207
23.344000000000	-58.224999342604
23.368000000000	-58.247490051464
23.392000000000	-58.264674130297
23.416000000000	-58.275695533026
23.440000000000	-58.279933609842
23.464000000000	-58.277023685165
23.488000000000	-58.266855768875
23.512000000000	-58.249563265245
23.536000000000	-58.225510273179
23.560000000000	-58.195277537606
23.584000000000	-58.159639628578
23.608000000000	-58.119524978691
23.632000000000	-58.075957061574
23.656000000000	-58.029985209888
23.680000000000	-57.982620862597
23.704000000000	-57.934794603390
23.728000000000	-57.887341048245
23.752000000000	-57.841006939545
23.776000000000	-57.796469088692
23.800000000000	-57.754347661557
23.824000000000	-57.715206953453
23.848000000000	-57.679546094604
23.872000000000	-57.647789956460
23.896000000000	-57.620291343597
23.920000000000	-57.597348916925
23.944000000000	-57.579235052097
23.968000000000	-57.566219911232
23.992000000000	-57.558577045744
24.016000000000	-57.556562618412
24.040000000000	-57.560371272538
24.064000000000	-57.570080915735
24.088000000000	-57.585601401407
24.112000000000	-57.606637242762
24.136000000000	-57.632665387348
24.160000000000	-57.662921482743
24.184000000000	-57.696386949528
24.208000000000	-57.731775811530
24.232000000000	-57.767531140329
24.256000000000	-57.801849459420
24.280000000000	-57.832751108594
24.304000000000	-57.858203034042
24.328000000000	-57.876281480701
24.352000000000	-57.885344333622
24.376000000000	-57.884175807551
24.400000000000	-57.872074410902
24.424000000000	-57.848874923716
24.448000000000	-57.814916111825
24.472000000000	-57.770977200790
24.496000000000	-57.718203388779
24.520000000000	-57.658028520277
24.544000000000	-57.592091444213
24.568000000000	-57.522139873486
24.592000000000	-57.449923113225
24.616000000000	-57.377086921124
24.640000000000	-57.305091224840
24.664000000000	-57.235168609381
24.688000000000	-57.168328956263
24.712000000000	-57.105399675678
24.736000000000	-57.047079867535
24.760000000000	-56.993986061066
24.784000000000	-56.946676867669
24.808000000000	-56.905658342185
24.832000000000	-56.871383017798
24.856000000000	-56.844257349437
24.880000000000	-56.824663837200
24.904000000000	-56.812990240911
24.928000000000	-56.809646882021
24.952000000000	-56.815050688770
24.976000000000	-56.829563252843
25.000000000000	-56.853385888844
