1.0000000000000	-140.77714028900
1.0240000000000	-140.53346617461
1.0480000000000	-140.25931593066
1.0720000000000	-139.90209910883
1.0960000000000	-139.53441297428
1.1200000000000	-139.33761273145
1.1440000000000	-139.41353226820
1.1680000000000	-139.70904252181
1.1920000000000	-140.07456772137
1.2160000000000	-140.41636821974
1.2400000000000	-140.71045862259
1.2640000000000	-140.87148945746
1.2880000000000	-140.89719424201
1.3120000000000	-141.02819620194
1.3360000000000	-141.45058233783
1.3600000000000	-142.04753296219
1.3840000000000	-142.49889371988
1.4080000000000	-142.67654264241
1.4320000000000	-142.49640174123
1.4560000000000	-141.89122919763
1.4800000000000	-141.24287281876
1.5040000000000	-140.83262754373
1.5280000000000	-140.54282180943
1.5520000000000	-140.14583630950
1.5760000000000	-139.59991893735
1.6000000000000	-138.92694134664
1.6240000000000	-138.15265881505
1.6480000000000	-137.41842056495
1.6720000000000	-136.86163916830
1.6960000000000	-136.48199427416
1.7200000000000	-136.17890584452
1.7440000000000	-135.86329288102
1.7680000000000	-135.50376879940
1.7920000000000	-135.09299943236
1.8160000000000	-134.65887064665
1.8400000000000	-134.27988199546
1.8640000000000	-134.01994400790
1.8880000000000	-133.86932725810
1.9120000000000	-133.76297933879
1.9360000000000	-133.64084624119
1.9600000000000	-133.47445840491
1.9840000000000	-133.25856578149
2.0080000000000	-133.02387621726
2.0320000000000	-132.83409802029
2.0560000000000	-132.73087614523
2.0800000000000	-132.69403509972
2.1040000000000	-132.66406881530
2.1280000000000	-132.59117685813
2.1520000000000	-132.45249470995
2.1760000000000	-132.25234912757
2.2000000000000	-132.03288996224
2.2240000000000	-131.85040113256
2.2480000000000	-131.72215991696
2.2720000000000	-131.61246371310
2.2960000000000	-131.47009830001
2.3200000000000	-131.26473311967
2.3440000000000	-130.99282614978
2.3680000000000	-130.68022099322
2.3920000000000	-130.37585459158
2.4160000000000	-130.11594389134
2.4400000000000	-129.89568276048
2.4640000000000	-129.68126394548
2.4880000000000	-129.44149307550
2.5120000000000	-129.16412845706
2.5360000000000	-128.85766001559
2.5600000000000	-128.55046415891
2.5840000000000	-128.27620721626
2.6080000000000	-128.04896588781
2.6320000000000	-127.85442972202
2.6560000000000	-127.66479823542
2.6800000000000	-127.45844490779
2.7040000000000	-127.22868358238
2.7280000000000	-126.98550209063
2.7520000000000	-126.75178238087
2.7760000000000	-126.54833890191
2.8000000000000	-126.37750603113
2.8240000000000	-126.22205114623
2.8480000000000	-126.05888526416
2.8720000000000	-125.87276791179
2.8960000000000	-125.66217042003
2.9200000000000	-125.43963543446
2.9440000000000	-125.22492939274
2.9680000000000	-125.03090459018
2.9920000000000	-124.85379212185
3.0160000000000	-124.67729584968
3.0400000000000	-124.48485647122
3.0640000000000	-124.26894501077
3.0880000000000	-124.03416514837
3.1120000000000	-123.79503070469
3.1360000000000	-123.56733352374
3.1600000000000	-123.35735298616
3.1840000000000	-123.15835090321
3.2080000000000	-122.95694527097
3.2320000000000	-122.74247487917
3.2560000000000	-122.51268057161
3.2800000000000	-122.27461778205
3.3040000000000	-122.04083425044
3.3280000000000	-121.82147951551
3.3520000000000	-121.61758947631
3.3760000000000	-121.42122589750
3.4000000000000	-121.22166932530
3.4240000000000	-121.01208803342
3.4480000000000	-120.79293033900
3.4720000000000	-120.57143606732
3.4960000000000	-120.35729550778
3.5200000000000	-120.15632182299
3.5440000000000	-119.96673301253
3.5680000000000	-119.78095565781
3.5920000000000	-119.59093334719
3.6160000000000	-119.39282450401
3.6400000000000	-119.18884758761
3.6640000000000	-118.98585005727
3.6880000000000	-118.79104036012
3.7120000000000	-118.60726929135
3.7360000000000	-118.43135834819
3.7600000000000	-118.25658983670
3.7840000000000	-118.07706775172
3.8080000000000	-117.89098510180
3.8320000000000	-117.70137291039
3.8560000000000	-117.51411992503
3.8800000000000	-117.33413634212
3.9040000000000	-117.16208283369
3.9280000000000	-116.99407340832
3.9520000000000	-116.82436831443
3.9760000000000	-116.64887520475
4.0000000000000	-116.46731987821
4.0240000000000	-116.28316547266
4.0480000000000	-116.10135367526
4.0720000000000	-115.92507606299
4.0960000000000	-115.75373970064
4.1200000000000	-115.58356342304
4.1440000000000	-115.41016523466
4.1680000000000	-115.23123578512
4.1920000000000	-115.04779088098
4.2160000000000	-114.86347833261
4.2400000000000	-114.68231267979
4.2640000000000	-114.50617918753
4.2880000000000	-114.33380279813
4.3120000000000	-114.16183098380
4.3360000000000	-113.98710308360
4.3600000000000	-113.80857455452
4.3840000000000	-113.62787611428
4.4080000000000	-113.44828962034
4.4320000000000	-113.27271768344
4.4560000000000	-113.10191379925
4.4800000000000	-112.93416294808
4.5040000000000	-112.76654355362
4.5280000000000	-112.59680734081
4.5520000000000	-112.42469764685
4.5760000000000	-112.25203256308
4.6000000000000	-112.08155599318
4.6240000000000	-111.91523269727
4.6480000000000	-111.75307748742
4.6720000000000	-111.59328293729
4.6960000000000	-111.43347546966
4.7200000000000	-111.27220980580
4.7440000000000	-111.10980899737
4.7680000000000	-110.94812816479
4.7920000000000	-110.78940352511
4.8160000000000	-110.63488261003
4.8400000000000	-110.48411551613
4.8640000000000	-110.33534545264
4.8880000000000	-110.18667064705
4.9120000000000	-110.03720005403
4.9360000000000	-109.88753543682
4.9600000000000	-109.73934294309
4.9840000000000	-109.59427948420
5.0080000000000	-109.45293707814
5.0320000000000	-109.31448345723
5.0560000000000	-109.17720295060
5.0800000000000	-109.03953659920
5.1040000000000	-108.90095675301
5.1280000000000	-108.76218234255
5.1520000000000	-108.62463793707
5.1760000000000	-108.48948970276
5.2000000000000	-108.35686444017
5.2240000000000	-108.22575091533
5.2480000000000	-108.09461638801
5.2720000000000	-107.96230761424
5.2960000000000	-107.82867690668
5.3200000000000	-107.69458389230
5.3440000000000	-107.56129130921
5.3680000000000	-107.42962913271
5.3920000000000	-107.29945653033
5.4160000000000	-107.16975761994
5.4400000000000	-107.03927791513
5.4640000000000	-106.90727342106
5.4880000000000	-106.77391772856
5.5120000000000	-106.64014437911
5.5360000000000	-106.50703366940
5.5600000000000	-106.37512789887
5.5840000000000	-106.24410952975
5.6080000000000	-106.11303445196
5.6320000000000	-105.98094414350
5.6560000000000	-105.84745899419
5.6800000000000	-105.71300093021
5.7040000000000	-105.57852998131
5.7280000000000	-105.44496626523
5.7520000000000	-105.31266123447
5.7760000000000	-105.18125020119
5.8000000000000	-105.04996262503
5.8240000000000	-104.91817099840
5.8480000000000	-104.78583048415
5.8720000000000	-104.65355296870
5.8960000000000	-104.52228465511
5.9200000000000	-104.39279122869
5.9440000000000	-104.26527215652
5.9680000000000	-104.13933988588
5.9920000000000	-104.01435841800
6.0160000000000	-103.88991169939
6.0400000000000	-103.76611146180
6.0640000000000	-103.64356798005
6.0880000000000	-103.52305121395
6.1120000000000	-103.40505435136
6.1360000000000	-103.28953112092
6.1600000000000	-103.17596422966
6.1840000000000	-103.06370759893
6.2080000000000	-102.95237989651
6.2320000000000	-102.84207113071
6.2560000000000	-102.73324677167
6.2800000000000	-102.62641553846
6.3040000000000	-102.52176939217
6.3280000000000	-102.41902070787
6.3520000000000	-102.31753311307
6.3760000000000	-102.21665449983
6.4000000000000	-102.11604153886
6.4240000000000	-102.01578181589
6.4480000000000	-101.91624742788
6.4720000000000	-101.81777560106
6.4960000000000	-101.72037738148
6.5200000000000	-101.62365646275
6.5440000000000	-101.52698328620
6.5680000000000	-101.42980769174
6.5920000000000	-101.33191423700
6.6160000000000	-101.23346823193
6.6400000000000	-101.13483076563
6.6640000000000	-101.03626135014
6.6880000000000	-100.93769576005
6.7120000000000	-100.83873697373
6.7360000000000	-100.73885852839
6.7600000000000	-100.63768686051
6.7840000000000	-100.53518747348
6.8080000000000	-100.43164563861
6.8320000000000	-100.32745952230
6.8560000000000	-100.22287810737
6.8800000000000	-100.11784908162
6.9040000000000	-100.01206899743
6.9280000000000	-99.905197195641
6.9520000000000	-99.797094883207
6.9760000000000	-99.687942246623
7.0000000000000	-99.578166265214
7.0240000000000	-99.468228270835
7.0480000000000	-99.358405269057
7.0720000000000	-99.248700178863
7.0960000000000	-99.138931195645
7.1200000000000	-99.028936439291
7.1440000000000	-98.918762216216
7.1680000000000	-98.808719671276
7.1920000000000	-98.699278454682
7.2160000000000	-98.590865485879
7.2400000000000	-98.483693631280
7.2640000000000	-98.377723699960
7.2880000000000	-98.272776924597
7.3120000000000	-98.168721521287
7.3360000000000	-98.065615609395
7.3600000000000	-97.963720520456
7.3840000000000	-97.863379532440
7.4080000000000	-97.764838805493
7.4320000000000	-97.668121456918
7.4560000000000	-97.573030555169
7.4800000000000	-97.479274826440
7.5040000000000	-97.386635893397
7.5280000000000	-97.295074186834
7.5520000000000	-97.204711542327
7.5760000000000	-97.115704671617
7.6000000000000	-97.028090054719
7.6240000000000	-96.941697356752
7.6480000000000	-96.856184161396
7.6720000000000	-96.771168193470
7.6960000000000	-96.686374079099
7.7200000000000	-96.601705759846
7.7440000000000	-96.517203405185
7.7680000000000	-96.432914882201
7.7920000000000	-96.348764043674
7.8160000000000	-96.264498994598
7.8400000000000	-96.179751932532
7.8640000000000	-96.094171760356
7.8880000000000	-96.007546894708
7.9120000000000	-95.919844267826
7.9360000000000	-95.831143648201
7.9600000000000	-95.741511094719
7.9840000000000	-95.650892410378
8.0080000000000	-95.559093488985
8.0320000000000	-95.465858292515
8.0560000000000	-95.370993821363
8.0800000000000	-95.274463968696
8.1040000000000	-95.176395708752
8.1280000000000	-95.076996303487
8.1520000000000	-94.976435001153
8.1760000000000	-94.874763524245
8.2000000000000	-94.771923441524
8.2240000000000	-94.667832602039
8.2480000000000	-94.562493849890
8.2720000000000	-94.456057571617
8.2960000000000	-94.348800244425
8.3200000000000	-94.241033644467
8.3440000000000	-94.133001550848
8.3680000000000	-94.024826930015
8.3920000000000	-93.916539261299
8.4160000000000	-93.808160913566
8.4400000000000	-93.699795970769
8.4640000000000	-93.591665679240
8.4880000000000	-93.484069209266
8.5120000000000	-93.377294600571
8.5360000000000	-93.271534597316
8.5600000000000	-93.166857585612
8.5840000000000	-93.063248387409
8.6080000000000	-92.960690333496
8.6320000000000	-92.859236048932
8.6560000000000	-92.759023293065
8.6800000000000	-92.660227028680
8.7040000000000	-92.562978025763
8.7280000000000	-92.467298171042
8.7520000000000	-92.373091326985
8.7760000000000	-92.280193566315
8.8000000000000	-92.188450333118
8.8240000000000	-92.097772926739
8.8480000000000	-92.008140893341
8.8720000000000	-91.919550827515
8.8960000000000	-91.831944981925
8.9200000000000	-91.745165039965
8.9440000000000	-91.658960165628
8.9680000000000	-91.573044465339
8.9920000000000	-91.487168889952
9.0160000000000	-91.401164811080
9.0400000000000	-91.314934953300
9.0640000000000	-91.228400166645
9.0880000000000	-91.141437578953
9.1120000000000	-91.053850376178
9.1360000000000	-90.965388988933
9.1600000000000	-90.875811027259
9.1840000000000	-90.784943548239
9.2080000000000	-90.692710603922
9.2320000000000	-90.599111105855
9.2560000000000	-90.504162802854
9.2800000000000	-90.407848615137
9.3040000000000	-90.310099108434
9.3280000000000	-90.210821355251
9.3520000000000	-90.109955118955
9.3760000000000	-90.007520767034
9.4000000000000	-89.903629303242
9.4240000000000	-89.798448887714
9.4480000000000	-89.692149015107
9.4720000000000	-89.584856628677
9.4960000000000	-89.476649978916
9.5200000000000	-89.367591774543
9.5440000000000	-89.257778797710
9.5680000000000	-89.147375783189
9.5920000000000	-89.036612057057
9.6160000000000	-88.925742862354
9.6400000000000	-88.814998832671
9.6640000000000	-88.704553619668
9.6880000000000	-88.594527575467
9.7120000000000	-88.485022674972
9.7360000000000	-88.376164957231
9.7600000000000	-88.268127066076
9.7840000000000	-88.161116529533
9.8080000000000	-88.055336714488
9.8320000000000	-87.950943853978
9.8560000000000	-87.848025317840
9.8800000000000	-87.746610663072
9.9040000000000	-87.646706769529
9.9280000000000	-87.548334139164
9.9520000000000	-87.451541595094
9.9760000000000	-87.356390508836
10.000000000000	-87.262918548872
10.024000000000	-87.171105324544
10.048000000000	-87.080860813971
10.072000000000	-86.992043278203
10.096000000000	-86.904495455306
10.120000000000	-86.818077229191
10.144000000000	-86.732675870315
10.168000000000	-86.648189209181
10.192000000000	-86.564493881645
10.216000000000	-86.481419868099
10.240000000000	-86.398748464372
10.264000000000	-86.316236247561
10.288000000000	-86.233651706226
10.312000000000	-86.150803786790
10.336000000000	-86.067546987503
10.360000000000	-85.983762250167
10.384000000000	-85.899327695079
10.408000000000	-85.814099139868
10.432000000000	-85.727913788314
10.456000000000	-85.640615718724
10.480000000000	-85.552088178437
10.504000000000	-85.462273606500
10.528000000000	-85.371170029777
10.552000000000	-85.278807001748
10.576000000000	-85.185216538894
10.600000000000	-85.090417019902
10.624000000000	-84.994419362268
10.648000000000	-84.897250602360
10.672000000000	-84.798979235227
10.696000000000	-84.699725856217
10.720000000000	-84.599651967306
10.744000000000	-84.498933273585
10.768000000000	-84.397733057906
10.792000000000	-84.296190691463
10.816000000000	-84.194430581188
10.840000000000	-84.092584151389
10.864000000000	-83.990809707339
10.888000000000	-83.889296780808
10.912000000000	-83.788251408265
10.936000000000	-83.687870515503
10.960000000000	-83.588320013619
10.984000000000	-83.489728571896
11.008000000000	-83.392199181242
11.032000000000	-83.295829791227
11.056000000000	-83.200729112080
11.080000000000	-83.107017063811
11.104000000000	-83.014809008510
11.128000000000	-82.924192836289
11.152000000000	-82.835212192079
11.176000000000	-82.747865202564
11.200000000000	-82.662118564633
11.224000000000	-82.577927699676
11.248000000000	-82.495250394631
11.272000000000	-82.414045758954
11.296000000000	-82.334259587063
11.320000000000	-82.255805652668
11.344000000000	-82.178554980488
11.368000000000	-82.102340290535
11.392000000000	-82.026973656574
11.416000000000	-81.952267615622
11.440000000000	-81.878048224816
11.464000000000	-81.804153822159
11.488000000000	-81.730422202124
11.512000000000	-81.656676070143
11.536000000000	-81.582717631387
11.560000000000	-81.508337443549
11.584000000000	-81.433333821347
11.608000000000	-81.357532609011
11.632000000000	-81.280796971814
11.656000000000	-81.203022999727
11.680000000000	-81.124125516193
11.704000000000	-81.044024234568
11.728000000000	-80.962639794467
11.752000000000	-80.879902704196
11.776000000000	-80.795769944592
11.800000000000	-80.710239109212
11.824000000000	-80.623351407910
11.848000000000	-80.535181623765
11.872000000000	-80.445820933915
11.896000000000	-80.355362557617
11.920000000000	-80.263898054176
11.944000000000	-80.171525210792
11.968000000000	-80.078361195556
11.992000000000	-79.984551480214
12.016000000000	-79.890267785072
12.040000000000	-79.795695121888
12.064000000000	-79.701014641393
12.088000000000	-79.606391384145
12.112000000000	-79.511972823830
12.136000000000	-79.417897386133
12.160000000000	-79.324306114910
12.184000000000	-79.231348974923
12.208000000000	-79.139180814504
12.232000000000	-79.047948475787
12.256000000000	-78.957775950021
12.280000000000	-78.868755580337
12.304000000000	-78.780949545031
12.328000000000	-78.694399618440
12.352000000000	-78.609138347678
12.376000000000	-78.525194202898
12.400000000000	-78.442587198987
12.424000000000	-78.361317472001
12.448000000000	-78.281353674837
12.472000000000	-78.202628212684
12.496000000000	-78.125042246412
12.520000000000	-78.048477607788
12.544000000000	-77.972808830466
12.568000000000	-77.897908751777
12.592000000000	-77.823645353449
12.616000000000	-77.749873071071
12.640000000000	-77.676425315824
12.664000000000	-77.603114293832
12.688000000000	-77.529739818703
12.712000000000	-77.456103414003
12.736000000000	-77.382020902572
12.760000000000	-77.307327736226
12.784000000000	-77.231875831203
12.808000000000	-77.155525843770
12.832000000000	-77.078141471728
12.856000000000	-76.999590896597
12.880000000000	-76.919755842677
12.904000000000	-76.838543828872
12.928000000000	-76.755897055021
12.952000000000	-76.671793271448
12.976000000000	-76.586238700681
13.000000000000	-76.499257678586
13.024000000000	-76.410885338754
13.048000000000	-76.321167412034
13.072000000000	-76.230166518113
13.096000000000	-76.137970134822
13.120000000000	-76.044694311200
13.144000000000	-75.950479759046
13.168000000000	-75.855481559730
13.192000000000	-75.759857499057
13.216000000000	-75.663760700817
13.240000000000	-75.567339436191
13.264000000000	-75.470742531790
13.288000000000	-75.374125442431
13.312000000000	-75.277651804381
13.336000000000	-75.181488204155
13.360000000000	-75.085794131849
13.384000000000	-74.990712036916
13.408000000000	-74.896362310038
13.432000000000	-74.802845006502
13.456000000000	-74.710246098136
13.480000000000	-74.618643454005
13.504000000000	-74.528108128368
13.528000000000	-74.438699577413
13.552000000000	-74.350457242917
13.576000000000	-74.263393217687
13.600000000000	-74.177490102820
13.624000000000	-74.092705102254
13.648000000000	-74.008977774198
13.672000000000	-73.926236869779
13.696000000000	-73.844402502418
13.720000000000	-73.763382965675
13.744000000000	-73.683068961091
13.768000000000	-73.603329722273
13.792000000000	-73.524014500163
13.816000000000	-73.444959755217
13.840000000000	-73.365999098311
13.864000000000	-73.286971533517
13.888000000000	-73.207724754999
13.912000000000	-73.128113371429
13.936000000000	-73.047995053208
13.960000000000	-72.967228816377
13.984000000000	-72.885678245892
14.008000000000	-72.803219310109
14.032000000000	-72.719749475939
14.056000000000	-72.635193897921
14.080000000000	-72.549506073517
14.104000000000	-72.462663515509
14.128000000000	-72.374661749610
14.152000000000	-72.285510630758
14.176000000000	-72.195235205829
14.200000000000	-72.103880263163
14.224000000000	-72.011515219374
14.248000000000	-71.918235615530
14.272000000000	-71.824159420753
14.296000000000	-71.729419356681
14.320000000000	-71.634154707889
14.344000000000	-71.538506218755
14.368000000000	-71.442615659103
14.392000000000	-71.346628741990
14.416000000000	-71.250698072328
14.440000000000	-71.154982880676
14.464000000000	-71.059644351328
14.488000000000	-70.964838097698
14.512000000000	-70.870707098488
14.536000000000	-70.777378144399
14.560000000000	-70.684962759748
14.584000000000	-70.593560950989
14.608000000000	-70.503264573839
14.632000000000	-70.414157511339
14.656000000000	-70.326311931677
14.680000000000	-70.239782369105
14.704000000000	-70.154600756085
14.728000000000	-70.070775023047
14.752000000000	-69.988291817689
14.776000000000	-69.907121545560
14.800000000000	-69.827222710551
14.824000000000	-69.748543149871
14.848000000000	-69.671017814100
14.872000000000	-69.594564985942
14.896000000000	-69.519083912296
14.920000000000	-69.444456105309
14.944000000000	-69.370550498531
14.968000000000	-69.297230479679
14.992000000000	-69.224359859113
15.016000000000	-69.151805632622
15.040000000000	-69.079437453515
15.064000000000	-69.007125785805
15.088000000000	-68.934741520381
15.112000000000	-68.862158915074
15.136000000000	-68.789261636751
15.160000000000	-68.715949710347
15.184000000000	-68.642144511847
15.208000000000	-68.567789975122
15.232000000000	-68.492850280193
15.256000000000	-68.417306178312
15.280000000000	-68.341152652259
15.304000000000	-68.264399501012
15.328000000000	-68.187074377865
15.352000000000	-68.109226070780
15.376000000000	-68.030925451992
15.400000000000	-67.952262747612
15.424000000000	-67.873341830589
15.448000000000	-67.794273873264
15.472000000000	-67.715172930180
15.496000000000	-67.636154737444
15.520000000000	-67.557338010087
15.544000000000	-67.478846011505
15.568000000000	-67.400806054348
15.592000000000	-67.323345911358
15.616000000000	-67.246588048332
15.640000000000	-67.170643965871
15.664000000000	-67.095610932579
15.688000000000	-67.021572030177
15.712000000000	-66.948598544665
15.736000000000	-66.876752461017
15.760000000000	-66.806086903072
15.784000000000	-66.736643733391
15.808000000000	-66.668449352282
15.832000000000	-66.601510916292
15.856000000000	-66.535815037111
15.880000000000	-66.471329633411
15.904000000000	-66.408007834930
15.928000000000	-66.345791744355
15.952000000000	-66.284614095012
15.976000000000	-66.224397250077
16.000000000000	-66.165050720526
16.024000000000	-66.106469394243
16.048000000000	-66.048534361000
16.072000000000	-65.991116776351
16.096000000000	-65.934083499952
16.120000000000	-65.877302293508
16.144000000000	-65.820644733255
16.168000000000	-65.763986449005
16.192000000000	-65.707205960332
16.216000000000	-65.650184235194
16.240000000000	-65.592806629329
16.264000000000	-65.534967360218
16.288000000000	-65.476575040653
16.312000000000	-65.417557031100
16.336000000000	-65.357860930031
16.360000000000	-65.297453066929
16.384000000000	-65.236315459648
16.408000000000	-65.174443385266
16.432000000000	-65.111845087374
16.456000000000	-65.048543599358
16.480000000000	-64.984579152919
16.504000000000	-64.920010085806
16.528000000000	-64.854910896389
16.552000000000	-64.789367665000
16.576000000000	-64.723472518322
16.600000000000	-64.657319276351
16.624000000000	-64.591001622165
16.648000000000	-64.524613568282
16.672000000000	-64.458250611345
16.696000000000	-64.392009596789
16.720000000000	-64.325986164454
16.744000000000	-64.260270186741
16.768000000000	-64.194940905609
16.792000000000	-64.130063744280
16.816000000000	-64.065689858798
16.840000000000	-64.001857959446
16.864000000000	-63.938596697255
16.888000000000	-63.875925711757
16.912000000000	-63.813854381288
16.936000000000	-63.752378830239
16.960000000000	-63.691478917654
16.984000000000	-63.631117059208
17.008000000000	-63.571239749640
17.032000000000	-63.511781152160
17.056000000000	-63.452667007515
17.080000000000	-63.393817053312
17.104000000000	-63.335145165177
17.128000000000	-63.276557917203
17.152000000000	-63.217953314343
17.176000000000	-63.159221438089
17.200000000000	-63.100247675478
17.224000000000	-63.040917714564
17.248000000000	-62.981122479907
17.272000000000	-62.920761252676
17.296000000000	-62.859742322768
17.320000000000	-62.797981985271
17.344000000000	-62.735403633975
17.368000000000	-62.671938553378
17.392000000000	-62.607528863193
17.416000000000	-62.542131625215
17.440000000000	-62.475722258923
17.464000000000	-62.408295652515
17.488000000000	-62.339864554229
17.512000000000	-62.270456262059
17.536000000000	-62.200109437733
17.560000000000	-62.128872576718
17.584000000000	-62.056804462804
17.608000000000	-61.983975563382
17.632000000000	-61.910468613288
17.656000000000	-61.836377013858
17.680000000000	-61.761800902805
17.704000000000	-61.686842083502
17.728000000000	-61.611599638001
17.752000000000	-61.536167612812
17.776000000000	-61.460634932302
17.800000000000	-61.385086408466
17.824000000000	-61.309603144632
17.848000000000	-61.234261103139
17.872000000000	-61.159127824850
17.896000000000	-61.084258513004
17.920000000000	-61.009693191836
17.944000000000	-60.935456130526
17.968000000000	-60.861557504306
17.992000000000	-60.787996078866
18.016000000000	-60.714761255397
18.040000000000	-60.641833359634
18.064000000000	-60.569182263453
18.088000000000	-60.496765567226
18.112000000000	-60.424527965428
18.136000000000	-60.352402835435
18.160000000000	-60.280315882067
18.184000000000	-60.208189559606
18.208000000000	-60.135946637658
18.232000000000	-60.063511881858
18.256000000000	-59.990812017088
18.280000000000	-59.917775210653
18.304000000000	-59.844331616082
18.328000000000	-59.770415875828
18.352000000000	-59.695971279983
18.376000000000	-59.620954237081
18.400000000000	-59.545337451475
18.424000000000	-59.469110871392
18.448000000000	-59.392280668833
18.472000000000	-59.314867523269
18.496000000000	-59.236905708796
18.520000000000	-59.158443805034
18.544000000000	-59.079546683701
18.568000000000	-59.000297470441
18.592000000000	-58.920798013135
18.616000000000	-58.841167098949
18.640000000000	-58.761536825200
18.664000000000	-58.682048453852
18.688000000000	-58.602849226077
18.712000000000	-58.524090909015
18.736000000000	-58.445929721605
18.760000000000	-58.368526410371
18.784000000000	-58.292045130683
18.808000000000	-58.216650489972
18.832000000000	-58.142503202548
18.856000000000	-58.069755644108
18.880000000000	-57.998548689827
18.904000000000	-57.929010526720
18.928000000000	-57.861257063438
18.952000000000	-57.795392745184
18.976000000000	-57.731510488388
19.000000000000	-57.669690123290
19.024000000000	-57.609995771101
19.048000000000	-57.552473376947
19.072000000000	-57.497149708150
19.096000000000	-57.444033460748
19.120000000000	-57.393118084036
19.144000000000	-57.344385131281
19.168000000000	-57.297806833957
19.192000000000	-57.253347233869
19.216000000000	-57.210962215344
19.240000000000	-57.170599566915
19.264000000000	-57.132200305305
19.288000000000	-57.095701848260
19.312000000000	-57.061042597460
19.336000000000	-57.028166681207
19.360000000000	-56.997027480015
19.384000000000	-56.967589192260
19.408000000000	-56.939826726745
19.432000000000	-56.913725038826
19.456000000000	-56.889279176314
19.480000000000	-56.866495686328
19.504000000000	-56.845395017469
19.528000000000	-56.826013732704
19.552000000000	-56.808405214313
19.576000000000	-56.792638182670
19.600000000000	-56.778793403299
19.624000000000	-56.766959815687
19.648000000000	-56.757231485221
19.672000000000	-56.749706157060
19.696000000000	-56.744485137304
19.720000000000	-56.741673352982
19.744000000000	-56.741378256558
19.768000000000	-56.743706853882
19.792000000000	-56.748761194593
19.816000000000	-56.756633556524
19.840000000000	-56.767402758154
19.864000000000	-56.781132418625
19.888000000000	-56.797870899543
19.912000000000	-56.817651730036
19.936000000000	-56.840493080378
19.960000000000	-56.866395458893
19.984000000000	-56.895337925396
20.008000000000	-56.927274105588
20.032000000000	-56.962129580730
20.056000000000	-56.999801636874
20.080000000000	-57.040161216198
20.104000000000	-57.083055874581
20.128000000000	-57.128312223308
20.152000000000	-57.175736925451
20.176000000000	-57.225116501969
20.200000000000	-57.276217291048
20.224000000000	-57.328787239355
20.248000000000	-57.382560546124
20.272000000000	-57.437264867081
20.296000000000	-57.492629551141
20.320000000000	-57.548392945235
20.344000000000	-57.604307433787
20.368000000000	-57.660142228304
20.392000000000	-57.715685200020
20.416000000000	-57.770745482357
20.440000000000	-57.825157872173
20.464000000000	-57.878788619142
20.488000000000	-57.931540869957
20.512000000000	-57.983357652331
20.536000000000	-58.034221130972
20.560000000000	-58.084148500040
20.584000000000	-58.133186359815
20.608000000000	-58.181405883271
20.632000000000	-58.228900224762
20.656000000000	-58.275783952002
20.680000000000	-58.322192788215
20.704000000000	-58.368281539546
20.728000000000	-58.414219023288
20.752000000000	-58.460180563168
20.776000000000	-58.506340133377
20.800000000000	-58.552864582212
20.824000000000	-58.599911295893
20.848000000000	-58.647628765057
20.872000000000	-58.696157891703
20.896000000000	-58.745631487485
20.920000000000	-58.796170517549
20.944000000000	-58.847877613769
20.968000000000	-58.900830067395
20.992000000000	-58.955074908849
21.016000000000	-59.010627532527
21.040000000000	-59.067473286559
21.064000000000	-59.125569729815
21.088000000000	-59.184846915002
21.112000000000	-59.245204356197
21.136000000000	-59.306505579981
21.160000000000	-59.368573050254
21.184000000000	-59.431186661293
21.208000000000	-59.494087611597
21.232000000000	-59.556987048343
21.256000000000	-59.619576793986
21.280000000000	-59.681538953477
21.304000000000	-59.742552572236
21.328000000000	-59.802297960074
21.352000000000	-59.860461314157
21.376000000000	-59.916742560061
21.400000000000	-59.970867589042
21.424000000000	-60.022603252354
21.448000000000	-60.071771252757
21.472000000000	-60.118256849472
21.496000000000	-60.162010318760
21.520000000000	-60.203042286973
21.544000000000	-60.241416542368
21.568000000000	-60.277244270955
21.592000000000	-60.310681666740
21.616000000000	-60.341929777181
21.640000000000	-60.371233182915
21.664000000000	-60.398874110251
21.688000000000	-60.425160893146
21.712000000000	-60.450412965123
21.736000000000	-60.474946784015
21.760000000000	-60.499066876740
21.784000000000	-60.523063588552
21.808000000000	-60.547215616146
21.832000000000	-60.571793035319
21.856000000000	-60.597056682826
21.880000000000	-60.623252318383
21.904000000000	-60.650601443682
21.928000000000	-60.679292920534
21.952000000000	-60.709479228298
21.976000000000	-60.741278470321
22.000000000000	-60.774779676910
22.024000000000	-60.810046685795
22.048000000000	-60.847116320004
22.072000000000	-60.885989576998
22.096000000000	-60.926618435866
22.120000000000	-60.968893458497
22.144000000000	-61.012637112402
22.168000000000	-61.057604812235
22.192000000000	-61.103491783106
22.216000000000	-61.149941312526
22.240000000000	-61.196550338863
22.264000000000	-61.242871463011
22.288000000000	-61.288414505829
22.312000000000	-61.332653139543
22.336000000000	-61.375041199716
22.360000000000	-61.415039256585
22.384000000000	-61.452147013820
22.408000000000	-61.485933958181
22.432000000000	-61.516061294565
22.456000000000	-61.542292302153
22.480000000000	-61.564493481992
22.504000000000	-61.582632154075
22.528000000000	-61.596775592392
22.552000000000	-61.607092846237
22.576000000000	-61.613855705421
22.600000000000	-61.617432953364
22.624000000000	-61.618273781392
22.648000000000	-61.616881144293
22.672000000000	-61.613781023893
22.696000000000	-61.609495875036
22.720000000000	-61.604528480229
22.744000000000	-61.599357149442
22.768000000000	-61.594437699198
22.792000000000	-61.590205060297
22.816000000000	-61.587069087356
22.840000000000	-61.585404033118
22.864000000000	-61.585536215899
22.888000000000	-61.587736571585
22.912000000000	-61.592222686596
22.936000000000	-61.599169720427
22.960000000000	-61.608724351998
22.984000000000	-61.621013624327
23.008000000000	-61.636142717152
23.032000000000	-61.654181120274
23.056000000000	-61.675142377395
23.080000000000	-61.698965313500
23.104000000000	-61.725502939510
23.128000000000	-61.754520143235
23.152000000000	-61.785695923343
23.176000000000	-61.818623620882
23.200000000000	-61.852804946793
23.224000000000	-61.887639458818
23.248000000000	-61.922417162838
23.272000000000	-61.956324382686
23.296000000000	-61.988470033948
23.320000000000	-62.017932072509
23.344000000000	-62.043815871539
23.368000000000	-62.065311886103
23.392000000000	-62.081741562816
23.416000000000	-62.092587002233
23.440000000000	-62.097507408183
23.464000000000	-62.096349309057
23.488000000000	-62.089155667455
23.512000000000	-62.076172886200
23.536000000000	-62.057848812408
23.560000000000	-62.034813562599
23.584000000000	-62.007839832348
23.608000000000	-61.977787824045
23.632000000000	-61.945547064868
23.656000000000	-61.911988858632
23.680000000000	-61.877937898699
23.704000000000	-61.844162548269
23.728000000000	-61.811375472857
23.752000000000	-61.780233857753
23.776000000000	-61.751332354666
23.800000000000	-61.725189533713
23.824000000000	-61.702235283952
23.848000000000	-61.682808291874
23.872000000000	-61.667168371403
23.896000000000	-61.655520478076
23.920000000000	-61.648040248056
23.944000000000	-61.644888889754
23.968000000000	-61.646209481273
23.992000000000	-61.652104958747
24.016000000000	-61.662605832187
24.040000000000	-61.677638739068
24.064000000000	-61.697003855261
24.088000000000	-61.720362033723
24.112000000000	-61.747225848450
24.136000000000	-61.776946842447
24.160000000000	-61.808695887681
24.184000000000	-61.841442525373
24.208000000000	-61.873947448834
24.232000000000	-61.904784633344
24.256000000000	-61.932403445644
24.280000000000	-61.955228267727
24.304000000000	-61.971779473022
24.328000000000	-61.980791725114
24.352000000000	-61.981307534071
24.376000000000	-61.972734547860
24.400000000000	-61.954868103931
24.424000000000	-61.927888836335
24.448000000000	-61.892344793588
24.472000000000	-61.849120647098
24.496000000000	-61.799389537033
24.520000000000	-61.744542056191
24.544000000000	-61.686093491769
24.568000000000	-61.625580878090
24.592000000000	-61.564468924384
24.616000000000	-61.504083273195
24.640000000000	-61.445580405822
24.664000000000	-61.389950353023
24.688000000000	-61.338037873086
24.712000000000	-61.290565005116
24.736000000000	-61.248143710833
24.760000000000	-61.211277949197
24.784000000000	-61.180363807093
24.808000000000	-61.155698990023
24.832000000000	-61.137507582148
24.856000000000	-61.125975557115
24.880000000000	-61.121282911252
24.904000000000	-61.123614978066
24.928000000000	-61.133140632466
24.952000000000	-61.149956392215
24.976000000000	-61.174007344036
25.000000000000	-61.205002675784
