1.0000000000000	-153.29114435532
1.0240000000000	-154.85816465883
1.0480000000000	-156.69643825918
1.0720000000000	-158.76779182698
1.0960000000000	-160.33905235152
1.1200000000000	-159.98135651396
1.1440000000000	-158.10349613739
1.1680000000000	-156.13430498509
1.1920000000000	-154.52741149578
1.2160000000000	-153.22531168662
1.2400000000000	-152.07792958730
1.2640000000000	-150.98659531280
1.2880000000000	-149.94144387371
1.3120000000000	-148.99193798226
1.3360000000000	-148.19866110382
1.3600000000000	-147.59990846042
1.3840000000000	-147.19620186733
1.4080000000000	-146.94696079413
1.4320000000000	-146.77955296231
1.4560000000000	-146.61631853559
1.4800000000000	-146.41291469413
1.5040000000000	-146.17997343356
1.5280000000000	-145.96967895378
1.5520000000000	-145.84159251975
1.5760000000000	-145.83071714472
1.6000000000000	-145.92850177709
1.6240000000000	-146.08087088077
1.6480000000000	-146.21006932635
1.6720000000000	-146.25883148767
1.6960000000000	-146.22704648424
1.7200000000000	-146.16728488647
1.7440000000000	-146.14527039870
1.7680000000000	-146.19610756965
1.7920000000000	-146.29822528423
1.8160000000000	-146.37733728203
1.8400000000000	-146.34878238046
1.8640000000000	-146.17796865059
1.8880000000000	-145.90373961029
1.9120000000000	-145.60335193830
1.9360000000000	-145.33758414061
1.9600000000000	-145.11641310568
1.9840000000000	-144.89890094359
2.0080000000000	-144.62531775364
2.0320000000000	-144.26324663992
2.0560000000000	-143.83161381768
2.0800000000000	-143.38447290052
2.1040000000000	-142.97503134480
2.1280000000000	-142.62798454873
2.1520000000000	-142.33186878870
2.1760000000000	-142.05101615971
2.2000000000000	-141.75033890875
2.2240000000000	-141.41836786492
2.2480000000000	-141.07289720541
2.2720000000000	-140.74739790229
2.2960000000000	-140.47029221014
2.3200000000000	-140.24985087729
2.3440000000000	-140.07100312970
2.3680000000000	-139.90470347826
2.3920000000000	-139.72522566348
2.4160000000000	-139.52511075741
2.4400000000000	-139.31776181003
2.4640000000000	-139.12679065320
2.4880000000000	-138.97018893216
2.5120000000000	-138.84879688649
2.5360000000000	-138.74486756810
2.5600000000000	-138.63163393899
2.5840000000000	-138.48884407952
2.6080000000000	-138.31418713372
2.6320000000000	-138.12259211236
2.6560000000000	-137.93460663799
2.6800000000000	-137.76238019050
2.7040000000000	-137.60190043131
2.7280000000000	-137.43568953852
2.7520000000000	-137.24428655777
2.7760000000000	-137.01912213591
2.8000000000000	-136.76782422613
2.8240000000000	-136.50869261260
2.8480000000000	-136.25913025883
2.8720000000000	-136.02592337512
2.8960000000000	-135.80278363361
2.9200000000000	-135.57593945974
2.9440000000000	-135.33402243104
2.9680000000000	-135.07579067397
2.9920000000000	-134.81075286235
3.0160000000000	-134.55294551995
3.0400000000000	-134.31250514865
3.0640000000000	-134.09023060636
3.0880000000000	-133.87793952189
3.1120000000000	-133.66407044297
3.1360000000000	-133.44099821589
3.1600000000000	-133.20943758212
3.1840000000000	-132.97731622960
3.2080000000000	-132.75429385292
3.2320000000000	-132.54567207749
3.2560000000000	-132.34932457509
3.2800000000000	-132.15723015376
3.3040000000000	-131.96051617900
3.3280000000000	-131.75482225701
3.3520000000000	-131.54259374467
3.3760000000000	-131.33103067028
3.4000000000000	-131.12730106796
3.4240000000000	-130.93413808589
3.4480000000000	-130.74838961166
3.4720000000000	-130.56320317449
3.4960000000000	-130.37238117088
3.5200000000000	-130.17413016586
3.5440000000000	-129.97186771748
3.5680000000000	-129.77175913106
3.5920000000000	-129.57874428590
3.6160000000000	-129.39356221638
3.6400000000000	-129.21247655094
3.6640000000000	-129.02973085580
3.6880000000000	-128.84113394988
3.7120000000000	-128.64650482106
3.7360000000000	-128.44950352054
3.7600000000000	-128.25512286303
3.7840000000000	-128.06654916270
3.8080000000000	-127.88333008026
3.8320000000000	-127.70186745524
3.8560000000000	-127.51782325499
3.8800000000000	-127.32888017787
3.9040000000000	-127.13612251337
3.9280000000000	-126.94325084069
3.9520000000000	-126.75425479178
3.9760000000000	-126.57106266599
4.0000000000000	-126.39257485687
4.0240000000000	-126.21557434750
4.0480000000000	-126.03686815247
4.0720000000000	-125.85528961432
4.0960000000000	-125.67232884602
4.1200000000000	-125.49107807160
4.1440000000000	-125.31424265956
4.1680000000000	-125.14248037623
4.1920000000000	-124.97404757849
4.2160000000000	-124.80590179870
4.2400000000000	-124.63553144760
4.2640000000000	-124.46236269370
4.2880000000000	-124.28789907278
4.3120000000000	-124.11458122804
4.3360000000000	-123.94414480289
4.3600000000000	-123.77650731724
4.3840000000000	-123.60983345694
4.4080000000000	-123.44168740838
4.4320000000000	-123.27052249087
4.4560000000000	-123.09657589161
4.4800000000000	-122.92164589985
4.5040000000000	-122.74795141273
4.5280000000000	-122.57682349289
4.5520000000000	-122.40802927418
4.5760000000000	-122.24009868219
4.6000000000000	-122.07140112121
4.6240000000000	-121.90127408278
4.6480000000000	-121.73050423401
4.6720000000000	-121.56089661625
4.6960000000000	-121.39424343061
4.7200000000000	-121.23134828437
4.7440000000000	-121.07168676390
4.7680000000000	-120.91387165843
4.7920000000000	-120.75660145187
4.8160000000000	-120.59949260742
4.8400000000000	-120.44329366760
4.8640000000000	-120.28938264400
4.8880000000000	-120.13889166350
4.9120000000000	-119.99200849342
4.9360000000000	-119.84786890710
4.9600000000000	-119.70508068570
4.9840000000000	-119.56253795166
5.0080000000000	-119.42002030620
5.0320000000000	-119.27822222019
5.0560000000000	-119.13822265180
5.0800000000000	-119.00074551472
5.1040000000000	-118.86567023174
5.1280000000000	-118.73207871763
5.1520000000000	-118.59878908633
5.1760000000000	-118.46503202544
5.2000000000000	-118.33084991433
5.2240000000000	-118.19698474610
5.2480000000000	-118.06434487962
5.2720000000000	-117.93339389017
5.2960000000000	-117.80383606689
5.3200000000000	-117.67477721388
5.3440000000000	-117.54524412153
5.3680000000000	-117.41473123534
5.3920000000000	-117.28343808986
5.4160000000000	-117.15206478531
5.4400000000000	-117.02131064951
5.4640000000000	-116.89139664035
5.4880000000000	-116.76190340800
5.5120000000000	-116.63201283262
5.5360000000000	-116.50099129664
5.5600000000000	-116.36861024124
5.5840000000000	-116.23524919292
5.6080000000000	-116.10163241182
5.6320000000000	-115.96837757032
5.6560000000000	-115.83564127027
5.6800000000000	-115.70307373727
5.7040000000000	-115.57009714937
5.7280000000000	-115.43632337783
5.7520000000000	-115.30184823954
5.7760000000000	-115.16724569435
5.8000000000000	-115.03327727407
5.8240000000000	-114.90050531863
5.8480000000000	-114.76904790132
5.8720000000000	-114.63861617499
5.8960000000000	-114.50879742926
5.9200000000000	-114.37939934237
5.9440000000000	-114.25064119701
5.9680000000000	-114.12308046735
5.9920000000000	-113.99732973437
6.0160000000000	-113.87374399531
6.0400000000000	-113.75226838898
6.0640000000000	-113.63253148451
6.0880000000000	-113.51411760619
6.1120000000000	-113.39684575415
6.1360000000000	-113.28088519153
6.1600000000000	-113.16664387781
6.1840000000000	-113.05450679561
6.2080000000000	-112.94458928170
6.2320000000000	-112.83665495441
6.2560000000000	-112.73024274976
6.2800000000000	-112.62491924567
6.3040000000000	-112.52049884409
6.3280000000000	-112.41709896419
6.3520000000000	-112.31500257538
6.3760000000000	-112.21441893927
6.4000000000000	-112.11529227275
6.4240000000000	-112.01727387198
6.4480000000000	-111.91987013458
6.4720000000000	-111.82267122312
6.4960000000000	-111.72551843498
6.5200000000000	-111.62851009660
6.5440000000000	-111.53184811849
6.5680000000000	-111.43562518569
6.5920000000000	-111.33968587324
6.6160000000000	-111.24364571563
6.6400000000000	-111.14705306212
6.6640000000000	-111.04959123239
6.6880000000000	-110.95119645203
6.7120000000000	-110.85202259331
6.7360000000000	-110.75228038833
6.7600000000000	-110.65205519913
6.7840000000000	-110.55121712828
6.8080000000000	-110.44947668496
6.8320000000000	-110.34654778683
6.8560000000000	-110.24231460458
6.8800000000000	-110.13689934363
6.9040000000000	-110.03059241962
6.9280000000000	-109.92369256305
6.9520000000000	-109.81635797181
6.9760000000000	-109.70855899555
7.0000000000000	-109.60015709032
7.0240000000000	-109.49105617838
7.0480000000000	-109.38132973093
7.0720000000000	-109.27124514654
7.0960000000000	-109.16117301092
7.1200000000000	-109.05143997424
7.1440000000000	-108.94221625247
7.1680000000000	-108.83350411752
7.1920000000000	-108.72522959085
7.2160000000000	-108.61737641513
7.2400000000000	-108.51007771435
7.2640000000000	-108.40360973482
7.2880000000000	-108.29829403765
7.3120000000000	-108.19437020589
7.3360000000000	-108.09191681708
7.3600000000000	-107.99086627640
7.3840000000000	-107.89110043788
7.4080000000000	-107.79256520165
7.4320000000000	-107.69533277024
7.4560000000000	-107.59957459016
7.4800000000000	-107.50546380192
7.5040000000000	-107.41306846727
7.5280000000000	-107.32230060841
7.5520000000000	-107.23295025990
7.5760000000000	-107.14478123518
7.6000000000000	-107.05762844472
7.6240000000000	-106.97143745977
7.6480000000000	-106.88622417381
7.6720000000000	-106.80198215662
7.6960000000000	-106.71859679285
7.7200000000000	-106.63581981757
7.7440000000000	-106.55331973488
7.7680000000000	-106.47077685897
7.7920000000000	-106.38796514454
7.8160000000000	-106.30477255836
7.8400000000000	-106.22115086796
7.8640000000000	-106.13702952654
7.8880000000000	-106.05224961420
7.9120000000000	-105.96655999142
7.9360000000000	-105.87967828206
7.9600000000000	-105.79137898923
7.9840000000000	-105.70155493997
8.0080000000000	-105.61021589753
8.0320000000000	-105.51742784072
8.0560000000000	-105.42323282314
8.0800000000000	-105.32759995244
8.1040000000000	-105.23043705664
8.1280000000000	-105.13165393413
8.1520000000000	-105.03123615849
8.1760000000000	-104.92928286838
8.2000000000000	-104.82598553577
8.2240000000000	-104.72156182377
8.2480000000000	-104.61618580590
8.2720000000000	-104.50995656995
8.2960000000000	-104.40292207654
8.3200000000000	-104.29514048963
8.3440000000000	-104.18673869786
8.3680000000000	-104.07793085910
8.3920000000000	-103.96898571336
8.4160000000000	-103.86016329950
8.4400000000000	-103.75165972801
8.4640000000000	-103.64359232581
8.4880000000000	-103.53603161608
8.5120000000000	-103.42905773765
8.5360000000000	-103.32280476132
8.5600000000000	-103.21746505446
8.5840000000000	-103.11325125064
8.6080000000000	-103.01033936209
8.6320000000000	-102.90882727831
8.6560000000000	-102.80873240875
8.6800000000000	-102.71002768762
8.7040000000000	-102.61269192253
8.7280000000000	-102.51674260277
8.7520000000000	-102.42223110030
8.7760000000000	-102.32920389572
8.8000000000000	-102.23765423919
8.8240000000000	-102.14749397266
8.8480000000000	-102.05856234262
8.8720000000000	-101.97066586379
8.8960000000000	-101.88362474115
8.9200000000000	-101.79729821802
8.9440000000000	-101.71157505044
8.9680000000000	-101.62633724252
8.9920000000000	-101.54142157775
9.0160000000000	-101.45660443161
9.0400000000000	-101.37162062189
9.0640000000000	-101.28620599979
9.0880000000000	-101.20013915657
9.1120000000000	-101.11325871398
9.1360000000000	-101.02544821317
9.1600000000000	-100.93660070217
9.1840000000000	-100.84658722454
9.2080000000000	-100.75525023543
9.2320000000000	-100.66242684046
9.2560000000000	-100.56798794032
9.2800000000000	-100.47186959270
9.3040000000000	-100.37407804153
9.3280000000000	-100.27466637110
9.3520000000000	-100.17369807188
9.3760000000000	-100.07122018958
9.4000000000000	-99.967261898976
9.4240000000000	-99.861857956715
9.4480000000000	-99.755080960925
9.4720000000000	-99.647061254048
9.4960000000000	-99.537981473299
9.5200000000000	-99.428048696214
9.5440000000000	-99.317460733501
9.5680000000000	-99.206386093205
9.5920000000000	-99.094968044798
9.6160000000000	-98.983348064983
9.6400000000000	-98.871692238998
9.6640000000000	-98.760202962786
9.6880000000000	-98.649107911481
9.7120000000000	-98.538632420387
9.7360000000000	-98.428971336955
9.7600000000000	-98.320276179376
9.7840000000000	-98.212663607062
9.8080000000000	-98.106238093129
9.8320000000000	-98.001113358450
9.8560000000000	-97.897418464296
9.8800000000000	-97.795284319571
9.9040000000000	-97.694818468091
9.9280000000000	-97.596082975604
9.9520000000000	-97.499088013522
9.9760000000000	-97.403803985792
10.000000000000	-97.310183888613
10.024000000000	-97.218181808790
10.048000000000	-97.127756399533
10.072000000000	-97.038857803897
10.096000000000	-96.951406805768
10.120000000000	-96.865279709374
10.144000000000	-96.780308861430
10.168000000000	-96.696299205055
10.192000000000	-96.613051697009
10.216000000000	-96.530380633577
10.240000000000	-96.448116101380
10.264000000000	-96.366092189522
10.288000000000	-96.284130403174
10.312000000000	-96.202030530867
10.336000000000	-96.119576431890
10.360000000000	-96.036554897380
10.384000000000	-95.952777691089
10.408000000000	-95.868095018208
10.432000000000	-95.782394039374
10.456000000000	-95.695585201502
10.480000000000	-95.607586381235
10.504000000000	-95.518315723229
10.528000000000	-95.427698202239
10.552000000000	-95.335682108962
10.576000000000	-95.242255374750
10.600000000000	-95.147451738956
10.624000000000	-95.051343024395
10.648000000000	-94.954022202705
10.672000000000	-94.855587256210
10.696000000000	-94.756134886634
10.720000000000	-94.655766656026
10.744000000000	-94.554602306230
10.768000000000	-94.452790644563
10.792000000000	-94.350510074644
10.816000000000	-94.247957365163
10.840000000000	-94.145330437317
10.864000000000	-94.042814393751
10.888000000000	-93.940577732283
10.912000000000	-93.838779266773
10.936000000000	-93.737579757966
10.960000000000	-93.637149604065
10.984000000000	-93.537666637941
11.008000000000	-93.439304310850
11.032000000000	-93.342216414987
11.056000000000	-93.246526467616
11.080000000000	-93.152326886907
11.104000000000	-93.059687100414
11.128000000000	-92.968664448287
11.152000000000	-92.879310339823
11.176000000000	-92.791667330472
11.200000000000	-92.705758541209
11.224000000000	-92.621575600929
11.248000000000	-92.539072211761
11.272000000000	-92.458167060293
11.296000000000	-92.378754262701
11.320000000000	-92.300715225042
11.344000000000	-92.223925294724
11.368000000000	-92.148252100640
11.392000000000	-92.073547811078
11.416000000000	-91.999641407566
11.440000000000	-91.926337151908
11.464000000000	-91.853421723494
11.488000000000	-91.780677328514
11.512000000000	-91.707894600926
11.536000000000	-91.634879423011
11.560000000000	-91.561451645410
11.584000000000	-91.487438670719
11.608000000000	-91.412669908366
11.632000000000	-91.336977374893
11.656000000000	-91.260203712622
11.680000000000	-91.182214142908
11.704000000000	-91.102906301073
11.728000000000	-91.022213072721
11.752000000000	-90.940097686540
11.776000000000	-90.856544820323
11.800000000000	-90.771553570037
11.824000000000	-90.685136583617
11.848000000000	-90.597325510297
11.872000000000	-90.508178782701
11.896000000000	-90.417786183163
11.920000000000	-90.326266555186
11.944000000000	-90.233759146876
11.968000000000	-90.140412822380
11.992000000000	-90.046378458741
12.016000000000	-89.951807669608
12.040000000000	-89.856856986143
12.064000000000	-89.761693281050
12.088000000000	-89.666495564746
12.112000000000	-89.571450632625
12.136000000000	-89.476743874773
12.160000000000	-89.382549494813
12.184000000000	-89.289024665157
12.208000000000	-89.196309681171
12.232000000000	-89.104532541120
12.256000000000	-89.013813807039
12.280000000000	-88.924267619106
12.304000000000	-88.835997259333
12.328000000000	-88.749087095339
12.352000000000	-88.663594984043
12.376000000000	-88.579548955339
12.400000000000	-88.496949451036
12.424000000000	-88.415775156644
12.448000000000	-88.335988502105
12.472000000000	-88.257537376950
12.496000000000	-88.180352168579
12.520000000000	-88.104340295949
12.544000000000	-88.029382110898
12.568000000000	-87.955331370410
12.592000000000	-87.882020887352
12.616000000000	-87.809271042467
12.640000000000	-87.736897358567
12.664000000000	-87.664714170337
12.688000000000	-87.592534023481
12.712000000000	-87.520165189598
12.736000000000	-87.447410901430
12.760000000000	-87.374072868712
12.784000000000	-87.299958991338
12.808000000000	-87.224892579387
12.832000000000	-87.148719414965
12.856000000000	-87.071310226914
12.880000000000	-86.992558809702
12.904000000000	-86.912378451858
12.928000000000	-86.830700061228
12.952000000000	-86.747473977180
12.976000000000	-86.662674848910
13.000000000000	-86.576306772490
13.024000000000	-86.488405464738
13.048000000000	-86.399035838922
13.072000000000	-86.308285925686
13.096000000000	-86.216260052158
13.120000000000	-86.123074363348
13.144000000000	-86.028856084612
13.168000000000	-85.933745462546
13.192000000000	-85.837897609797
13.216000000000	-85.741481542019
13.240000000000	-85.644675443507
13.264000000000	-85.547659515488
13.288000000000	-85.450609216716
13.312000000000	-85.353691436204
13.336000000000	-85.257064352144
13.360000000000	-85.160879551220
13.384000000000	-85.065283735076
13.408000000000	-84.970417749983
13.432000000000	-84.876412444654
13.456000000000	-84.783382882342
13.480000000000	-84.691423481607
13.504000000000	-84.600606132706
13.528000000000	-84.510981595481
13.552000000000	-84.422582610777
13.576000000000	-84.335426282626
13.600000000000	-84.249513915369
13.624000000000	-84.164828206790
13.648000000000	-84.081329448456
13.672000000000	-83.998953115231
13.696000000000	-83.917610520238
13.720000000000	-83.837192522629
13.744000000000	-83.757574637204
13.768000000000	-83.678621290209
13.792000000000	-83.600187736233
13.816000000000	-83.522119802278
13.840000000000	-83.444253136796
13.864000000000	-83.366414093451
13.888000000000	-83.288423505614
13.912000000000	-83.210102949277
13.936000000000	-83.131281659824
13.960000000000	-83.051801923464
13.984000000000	-82.971521698092
14.008000000000	-82.890314842069
14.032000000000	-82.808070643906
14.056000000000	-82.724694557212
14.080000000000	-82.640111047598
14.104000000000	-82.554267887405
14.128000000000	-82.467140068062
14.152000000000	-82.378731453499
14.176000000000	-82.289073389259
14.200000000000	-82.198221032131
14.224000000000	-82.106249228740
14.248000000000	-82.013249720019
14.272000000000	-81.919330347311
14.296000000000	-81.824615487063
14.320000000000	-81.729246039068
14.344000000000	-81.633377474515
14.368000000000	-81.537175576101
14.392000000000	-81.440810862515
14.416000000000	-81.344453449640
14.440000000000	-81.248269813166
14.464000000000	-81.152421779692
14.488000000000	-81.057066790732
14.512000000000	-80.962357828457
14.536000000000	-80.868441736628
14.560000000000	-80.775455776732
14.584000000000	-80.683523439238
14.608000000000	-80.592751070645
14.632000000000	-80.503226469361
14.656000000000	-80.415019514310
14.680000000000	-80.328183787861
14.704000000000	-80.242757699137
14.728000000000	-80.158764063964
14.752000000000	-80.076208166094
14.776000000000	-79.995075361100
14.800000000000	-79.915329672236
14.824000000000	-79.836914349010
14.848000000000	-79.759754316810
14.872000000000	-79.683759472441
14.896000000000	-79.608827455990
14.920000000000	-79.534845035816
14.944000000000	-79.461688261749
14.968000000000	-79.389222449388
14.992000000000	-79.317303307246
15.016000000000	-79.245779960773
15.040000000000	-79.174499601166
15.064000000000	-79.103312607772
15.088000000000	-79.032076782185
15.112000000000	-78.960659904042
15.136000000000	-78.888940815465
15.160000000000	-78.816810054472
15.184000000000	-78.744171198029
15.208000000000	-78.670943468043
15.232000000000	-78.597065178546
15.256000000000	-78.522496860144
15.280000000000	-78.447222842084
15.304000000000	-78.371250736700
15.328000000000	-78.294609252926
15.352000000000	-78.217345476822
15.376000000000	-78.139522782327
15.400000000000	-78.061219880644
15.424000000000	-77.982530596912
15.448000000000	-77.903563343584
15.472000000000	-77.824439312072
15.496000000000	-77.745289084248
15.520000000000	-77.666248250479
15.544000000000	-77.587453172760
15.568000000000	-77.509037923034
15.592000000000	-77.431132733660
15.616000000000	-77.353863442852
15.640000000000	-77.277350912860
15.664000000000	-77.201709532348
15.688000000000	-77.127044588501
15.712000000000	-77.053449090597
15.736000000000	-76.981001063984
15.760000000000	-76.909762155854
15.784000000000	-76.839777718548
15.808000000000	-76.771077773748
15.832000000000	-76.703677867512
15.856000000000	-76.637579029705
15.880000000000	-76.572766720976
15.904000000000	-76.509209380000
15.928000000000	-76.446857538282
15.952000000000	-76.385644244561
15.976000000000	-76.325486878992
16.000000000000	-76.266289740063
16.024000000000	-76.207946471416
16.048000000000	-76.150341644699
16.072000000000	-76.093351470754
16.096000000000	-76.036844273884
16.120000000000	-75.980681630251
16.144000000000	-75.924720779688
16.168000000000	-75.868818244280
16.192000000000	-75.812833930996
16.216000000000	-75.756634749621
16.240000000000	-75.700097082765
16.264000000000	-75.643108110666
16.288000000000	-75.585566613236
16.312000000000	-75.527384070427
16.336000000000	-75.468486543613
16.360000000000	-75.408817156846
16.384000000000	-75.348338416923
16.408000000000	-75.287033472517
16.432000000000	-75.224905803715
16.456000000000	-75.161977521793
16.480000000000	-75.098287034802
16.504000000000	-75.033886959874
16.528000000000	-74.968842776036
16.552000000000	-74.903232059037
16.576000000000	-74.837143624930
16.600000000000	-74.770675844235
16.624000000000	-74.703933807869
16.648000000000	-74.637025669862
16.672000000000	-74.570058967583
16.696000000000	-74.503137741402
16.720000000000	-74.436360832953
16.744000000000	-74.369821102801
16.768000000000	-74.303604855529
16.792000000000	-74.237790756843
16.816000000000	-74.172447964136
16.840000000000	-74.107633797224
16.864000000000	-74.043391681826
16.888000000000	-73.979750062450
16.912000000000	-73.916722529051
16.936000000000	-73.854308807070
16.960000000000	-73.792495879002
16.984000000000	-73.731258561966
17.008000000000	-73.670559321079
17.032000000000	-73.610347676702
17.056000000000	-73.550559918944
17.080000000000	-73.491119765840
17.104000000000	-73.431940142851
17.128000000000	-73.372925697868
17.152000000000	-73.313975334154
17.176000000000	-73.254984137966
17.200000000000	-73.195844535185
17.224000000000	-73.136447052262
17.248000000000	-73.076681353345
17.272000000000	-73.016438099102
17.296000000000	-72.955611700119
17.320000000000	-72.894103502635
17.344000000000	-72.831824666141
17.368000000000	-72.768698133611
17.392000000000	-72.704659565392
17.416000000000	-72.639657620543
17.440000000000	-72.573654216878
17.464000000000	-72.506625240239
17.488000000000	-72.438561710761
17.512000000000	-72.369470937223
17.536000000000	-72.299376993862
17.560000000000	-72.228320058621
17.584000000000	-72.156354635511
17.608000000000	-72.083547157507
17.632000000000	-72.009973651273
17.656000000000	-71.935717939631
17.680000000000	-71.860870396483
17.704000000000	-71.785526836255
17.728000000000	-71.709786977255
17.752000000000	-71.633752146803
17.776000000000	-71.557522351757
17.800000000000	-71.481193242552
17.824000000000	-71.404853608737
17.848000000000	-71.328583795457
17.872000000000	-71.252454974544
17.896000000000	-71.176528812209
17.920000000000	-71.100856976455
17.944000000000	-71.025480171842
17.968000000000	-70.950426823077
17.992000000000	-70.875711888656
18.016000000000	-70.801336356730
18.040000000000	-70.727287717882
18.064000000000	-70.653541279133
18.088000000000	-70.580061835985
18.112000000000	-70.506805157203
18.136000000000	-70.433718991077
18.160000000000	-70.360743715031
18.184000000000	-70.287813073823
18.208000000000	-70.214855493228
18.232000000000	-70.141796193849
18.256000000000	-70.068559921649
18.280000000000	-69.995073800396
18.304000000000	-69.921269777984
18.328000000000	-69.847086397494
18.352000000000	-69.772470014934
18.376000000000	-69.697375873243
18.400000000000	-69.621769456090
18.424000000000	-69.545628281351
18.448000000000	-69.468943915337
18.472000000000	-69.391723724411
18.496000000000	-69.313991889425
18.520000000000	-69.235789484773
18.544000000000	-69.157173803076
18.568000000000	-69.078217365615
18.592000000000	-68.999007049862
18.616000000000	-68.919643502886
18.640000000000	-68.840240657628
18.664000000000	-68.760924942534
18.688000000000	-68.681833810176
18.712000000000	-68.603113485807
18.736000000000	-68.524916188704
18.760000000000	-68.447397301104
18.784000000000	-68.370712924425
18.808000000000	-68.295017995791
18.832000000000	-68.220464799567
18.856000000000	-68.147201497012
18.880000000000	-68.075370332690
18.904000000000	-68.005105433121
18.928000000000	-67.936530437004
18.952000000000	-67.869756397026
18.976000000000	-67.804880354875
19.000000000000	-67.741984737655
19.024000000000	-67.681137402679
19.048000000000	-67.622391951871
19.072000000000	-67.565787960302
19.096000000000	-67.511350995625
19.120000000000	-67.459092606300
19.144000000000	-67.409010649078
19.168000000000	-67.361090297499
19.192000000000	-67.315305838722
19.216000000000	-67.271623059063
19.240000000000	-67.230001811917
19.264000000000	-67.190398368527
19.288000000000	-67.152767361678
19.312000000000	-67.117063418182
19.336000000000	-67.083242769969
19.360000000000	-67.051265123394
19.384000000000	-67.021095860214
19.408000000000	-66.992708364118
19.432000000000	-66.966086079054
19.456000000000	-66.941223921621
19.480000000000	-66.918128883180
19.504000000000	-66.896819947771
19.528000000000	-66.877327655512
19.552000000000	-66.859693645936
19.576000000000	-66.843970325549
19.600000000000	-66.830220536186
19.624000000000	-66.818516916476
19.648000000000	-66.808940659364
19.672000000000	-66.801579570521
19.696000000000	-66.796525610047
19.720000000000	-66.793872292515
19.744000000000	-66.793712316437
19.768000000000	-66.796135595286
19.792000000000	-66.801227582512
19.816000000000	-66.809067583302
19.840000000000	-66.819726741016
19.864000000000	-66.833265578835
19.888000000000	-66.849731256326
19.912000000000	-66.869154905565
19.936000000000	-66.891549424564
19.960000000000	-66.916907919961
19.984000000000	-66.945202714771
20.008000000000	-66.976384632403
20.032000000000	-67.010382257535
20.056000000000	-67.047101069213
20.080000000000	-67.086422633441
20.104000000000	-67.128204264214
20.128000000000	-67.172279581919
20.152000000000	-67.218460196933
20.176000000000	-67.266538429852
20.200000000000	-67.316290720223
20.224000000000	-67.367481312897
20.248000000000	-67.419865971550
20.272000000000	-67.473195747292
20.296000000000	-67.527221049479
20.320000000000	-67.581696279867
20.344000000000	-67.636385073345
20.368000000000	-67.691065851166
20.392000000000	-67.745537126231
20.416000000000	-67.799621962575
20.440000000000	-67.853171213904
20.464000000000	-67.906065531319
20.488000000000	-67.958216438217
20.512000000000	-68.009566855288
20.536000000000	-68.060091288230
20.560000000000	-68.109795586468
20.584000000000	-68.158715945898
20.608000000000	-68.206916824894
20.632000000000	-68.254487692700
20.656000000000	-68.301538898128
20.680000000000	-68.348197221538
20.704000000000	-68.394601690433
20.728000000000	-68.440899982650
20.752000000000	-68.487245354343
20.776000000000	-68.533793731842
20.800000000000	-68.580700562781
20.824000000000	-68.628117246842
20.848000000000	-68.676187314658
20.872000000000	-68.725042776549
20.896000000000	-68.774801060529
20.920000000000	-68.825562694708
20.944000000000	-68.877409515730
20.968000000000	-68.930402925270
20.992000000000	-68.984581732648
21.016000000000	-69.039959417270
21.040000000000	-69.096521061084
21.064000000000	-69.154220509233
21.088000000000	-69.212978349967
21.112000000000	-69.272681056789
21.136000000000	-69.333181265183
21.160000000000	-69.394298892301
21.184000000000	-69.455822813428
21.208000000000	-69.517513079380
21.232000000000	-69.579104020148
21.256000000000	-69.640308787877
21.280000000000	-69.700825778263
21.304000000000	-69.760346946355
21.328000000000	-69.818567495658
21.352000000000	-69.875196038353
21.376000000000	-69.929964288302
21.400000000000	-69.982635651864
21.424000000000	-70.033012526722
21.448000000000	-70.080942434303
21.472000000000	-70.126323117744
21.496000000000	-70.169106460083
21.520000000000	-70.209300733158
21.544000000000	-70.246970551413
21.568000000000	-70.282234135075
21.592000000000	-70.315258019455
21.616000000000	-70.346249923826
21.640000000000	-70.375450814674
21.664000000000	-70.403127101367
21.688000000000	-70.429563459558
21.712000000000	-70.455056251920
21.736000000000	-70.479907204476
21.760000000000	-70.504417054547
21.784000000000	-70.528879237396
21.808000000000	-70.553574067250
21.832000000000	-70.578764018030
21.856000000000	-70.604690490050
21.880000000000	-70.631571956456
21.904000000000	-70.659602881181
21.928000000000	-70.688952565693
21.952000000000	-70.719763243045
21.976000000000	-70.752147199112
22.000000000000	-70.786183202098
22.024000000000	-70.821912790897
22.048000000000	-70.859336887627
22.072000000000	-70.898412854713
22.096000000000	-70.939051767283
22.120000000000	-70.981115580241
22.144000000000	-71.024414147278
22.168000000000	-71.068702583704
22.192000000000	-71.113679977578
22.216000000000	-71.158990655459
22.240000000000	-71.204228964275
22.264000000000	-71.248947932166
22.288000000000	-71.292671486916
22.312000000000	-71.334909430564
22.336000000000	-71.375174239351
22.360000000000	-71.412998904096
22.384000000000	-71.447955209409
22.408000000000	-71.479671832792
22.432000000000	-71.507851353424
22.456000000000	-71.532284850448
22.480000000000	-71.552862541464
22.504000000000	-71.569579122746
22.528000000000	-71.582533166816
22.552000000000	-71.591920887765
22.576000000000	-71.598025424709
22.600000000000	-71.601203200810
22.624000000000	-71.601868804031
22.648000000000	-71.600479387539
22.672000000000	-71.597519128425
22.696000000000	-71.593484082440
22.720000000000	-71.588867887232
22.744000000000	-71.584149025182
22.768000000000	-71.579780482786
22.792000000000	-71.576182439265
22.816000000000	-71.573738089425
22.840000000000	-71.572792063164
22.864000000000	-71.573650433867
22.888000000000	-71.576581209623
22.912000000000	-71.581814473955
22.936000000000	-71.589541790913
22.960000000000	-71.599914843953
22.984000000000	-71.613043355882
23.008000000000	-71.628992145434
23.032000000000	-71.647776902908
23.056000000000	-71.669358170167
23.080000000000	-71.693633264688
23.104000000000	-71.720426483022
23.128000000000	-71.749478660503
23.152000000000	-71.780437775974
23.176000000000	-71.812852560502
23.200000000000	-71.846170945601
23.224000000000	-71.879744776931
23.248000000000	-71.912841701550
23.272000000000	-71.944664636449
23.296000000000	-71.974378738020
23.320000000000	-72.001145199441
23.344000000000	-72.024160389374
23.368000000000	-72.042697831272
23.392000000000	-72.056149529611
23.416000000000	-72.064062539768
23.440000000000	-72.066166787570
23.464000000000	-72.062391093308
23.488000000000	-72.052865951319
23.512000000000	-72.037913420149
23.536000000000	-72.018026003073
23.560000000000	-71.993837328887
23.584000000000	-71.966087740270
23.608000000000	-71.935587748429
23.632000000000	-71.903181972638
23.656000000000	-71.869715817213
23.680000000000	-71.836006759032
23.704000000000	-71.802821639810
23.728000000000	-71.770860712778
23.752000000000	-71.740748426254
23.776000000000	-71.713030187931
23.800000000000	-71.688173822184
23.824000000000	-71.666574212532
23.848000000000	-71.648559683323
23.872000000000	-71.634398872275
23.896000000000	-71.624307002652
23.920000000000	-71.618450482188
23.944000000000	-71.616948672616
23.968000000000	-71.619871637464
23.992000000000	-71.627232857903
24.016000000000	-71.638976406494
24.040000000000	-71.654958862629
24.064000000000	-71.674927209269
24.088000000000	-71.698494898987
24.112000000000	-71.725119090824
24.136000000000	-71.754082680558
24.160000000000	-71.784485144763
24.184000000000	-71.815246309154
24.208000000000	-71.845126748829
24.232000000000	-71.872767379681
24.256000000000	-71.896748715482
24.280000000000	-71.915667296730
24.304000000000	-71.928223384769
24.328000000000	-71.933310969521
24.352000000000	-71.930099413682
24.376000000000	-71.918096363745
24.400000000000	-71.897184027439
24.424000000000	-71.867624973895
24.448000000000	-71.830038182666
24.472000000000	-71.785350015944
24.496000000000	-71.734727360433
24.520000000000	-71.679501202104
24.544000000000	-71.621088634555
24.568000000000	-71.560920201704
24.592000000000	-71.500377901767
24.616000000000	-71.440747343296
24.640000000000	-71.383185578451
24.664000000000	-71.328704217240
24.688000000000	-71.278165810904
24.712000000000	-71.232290457943
24.736000000000	-71.191669271495
24.760000000000	-71.156781646228
24.784000000000	-71.128013844365
24.808000000000	-71.105676871829
24.832000000000	-71.090021647296
24.856000000000	-71.081249073424
24.880000000000	-71.079512108688
24.904000000000	-71.084906798401
24.928000000000	-71.097449884493
24.952000000000	-71.117042234382
24.976000000000	-71.143419727223
25.000000000000	-71.176095982722
