#Parameters = {Wa=0.24; La=0.48; BoxHeight=30.534351145038; BoxThickness=0.1; BoxWidth=72; L=5.089058524173; c=300000000; d=6; f=12.5; g=0.48; lam=24; r=0.24}
#"Frequency / GHz"	"E-Field (120 0 0)(Z) [1[1,0]+2[1,0],[12.5]] [Magnitude]"
#---------------------------------------------------------------------------
1.0000000000000	-169.23263211629
1.0240000000000	-175.88113724606
1.0480000000000	-173.27935120556
1.0720000000000	-167.83168923137
1.0960000000000	-165.16476314201
1.1200000000000	-164.07064781741
1.1440000000000	-163.84110840685
1.1680000000000	-163.60790733120
1.1920000000000	-162.45130655053
1.2160000000000	-160.53609614342
1.2400000000000	-158.68918759764
1.2640000000000	-157.35034318612
1.2880000000000	-156.61729038311
1.3120000000000	-156.45151768603
1.3360000000000	-156.71880234935
1.3600000000000	-157.13240248155
1.3840000000000	-157.25638930504
1.4080000000000	-156.82854104319
1.4320000000000	-156.07744286291
1.4560000000000	-155.42803397433
1.4800000000000	-155.15248375418
1.5040000000000	-155.33827475895
1.5280000000000	-155.91631825733
1.5520000000000	-156.61113970374
1.5760000000000	-156.94015253526
1.6000000000000	-156.60920315283
1.6240000000000	-155.90704365150
1.6480000000000	-155.31499448406
1.6720000000000	-155.09691463243
1.6960000000000	-155.27742548113
1.7200000000000	-155.66349076870
1.7440000000000	-155.84794495201
1.7680000000000	-155.46883637835
1.7920000000000	-154.63466933998
1.8160000000000	-153.76477243598
1.8400000000000	-153.15912268732
1.8640000000000	-152.90174443315
1.8880000000000	-152.90899555059
1.9120000000000	-152.96218650517
1.9360000000000	-152.79635203833
1.9600000000000	-152.30745756455
1.9840000000000	-151.65081452911
2.0080000000000	-151.07044868432
2.0320000000000	-150.72255796327
2.0560000000000	-150.63448343903
2.0800000000000	-150.71553778333
2.1040000000000	-150.78356725511
2.1280000000000	-150.65586739496
2.1520000000000	-150.29377911291
2.1760000000000	-149.83340857023
2.2000000000000	-149.45576723494
2.2240000000000	-149.26816678586
2.2480000000000	-149.26914611294
2.2720000000000	-149.35446091223
2.2960000000000	-149.35848227404
2.3200000000000	-149.15835736333
2.3440000000000	-148.77719495218
2.3680000000000	-148.35669132766
2.3920000000000	-148.03754948130
2.4160000000000	-147.88054263501
2.4400000000000	-147.85050277220
2.4640000000000	-147.83569735909
2.4880000000000	-147.70759439965
2.5120000000000	-147.41282698996
2.5360000000000	-147.01536616284
2.5600000000000	-146.63700349378
2.5840000000000	-146.36999072011
2.6080000000000	-146.23355315016
2.6320000000000	-146.17246127455
2.6560000000000	-146.08616719685
2.6800000000000	-145.88951906866
2.7040000000000	-145.57464531104
2.7280000000000	-145.21330479516
2.7520000000000	-144.89794585860
2.7760000000000	-144.68313517376
2.8000000000000	-144.56194504843
2.8240000000000	-144.47346041009
2.8480000000000	-144.33696263330
2.8720000000000	-144.10413813647
2.8960000000000	-143.79319840286
2.9200000000000	-143.47134972427
2.9440000000000	-143.20522589744
2.9680000000000	-143.02249157398
2.9920000000000	-142.90106826353
3.0160000000000	-142.78321782290
3.0400000000000	-142.61003535229
3.0640000000000	-142.36056070339
3.0880000000000	-142.06499482380
3.1120000000000	-141.77997248713
3.1360000000000	-141.55019531075
3.1600000000000	-141.38425114387
3.1840000000000	-141.25263352484
3.2080000000000	-141.10569925821
3.2320000000000	-140.90460377575
3.2560000000000	-140.64697915469
3.2800000000000	-140.36660049394
3.3040000000000	-140.10820347459
3.3280000000000	-139.89931970677
3.3520000000000	-139.73636610511
3.3760000000000	-139.58871784497
3.4000000000000	-139.41769170838
3.4240000000000	-139.20123779960
3.4480000000000	-138.94802066332
3.4720000000000	-138.68985711560
3.4960000000000	-138.45974504341
3.5200000000000	-138.27230124637
3.5440000000000	-138.11696906798
3.5680000000000	-137.96541205203
3.5920000000000	-137.78909608531
3.6160000000000	-137.57737345194
3.6400000000000	-137.34359097028
3.6640000000000	-137.11484815341
3.6880000000000	-136.91408482450
3.7120000000000	-136.74682270461
3.7360000000000	-136.59900712787
3.7600000000000	-136.44599169087
3.7840000000000	-136.26785826134
3.8080000000000	-136.06186197782
3.8320000000000	-135.84328197897
3.8560000000000	-135.63447900335
3.8800000000000	-135.45067844794
3.9040000000000	-135.29147345060
3.9280000000000	-135.14192184361
3.9520000000000	-134.98205548677
3.9760000000000	-134.79942788154
4.0000000000000	-134.59674364016
4.0240000000000	-134.38932365125
4.0480000000000	-134.19470711150
4.0720000000000	-134.02189863388
4.0960000000000	-133.86659079000
4.1200000000000	-133.71437080065
4.1440000000000	-133.54981855687
4.1680000000000	-133.36612356684
4.1920000000000	-133.16898285430
4.2160000000000	-132.97226428076
4.2400000000000	-132.78887654800
4.2640000000000	-132.62303055727
4.2880000000000	-132.46821413427
4.3120000000000	-132.31156616174
4.3360000000000	-132.14197337487
4.3600000000000	-131.95693782562
4.3840000000000	-131.76374416812
4.4080000000000	-131.57436817753
4.4320000000000	-131.39789211694
4.4560000000000	-131.23528908790
4.4800000000000	-131.07934777024
4.5040000000000	-130.91945582709
4.5280000000000	-130.74832101338
4.5520000000000	-130.56644105853
4.5760000000000	-130.38147064726
4.6000000000000	-130.20315113809
4.6240000000000	-130.03734193050
4.6480000000000	-129.88279784069
4.6720000000000	-129.73231957249
4.6960000000000	-129.57739962944
4.7200000000000	-129.41352557687
4.7440000000000	-129.24282229112
4.7680000000000	-129.07241431247
4.7920000000000	-128.90978860995
4.8160000000000	-128.75824961291
4.8400000000000	-128.61514982299
4.8640000000000	-128.47373742131
4.8880000000000	-128.32740625284
4.9120000000000	-128.17373740992
4.9360000000000	-128.01580165964
4.9600000000000	-127.85998483248
4.9840000000000	-127.71190111077
5.0080000000000	-127.57302479140
5.0320000000000	-127.43997903172
5.0560000000000	-127.30675337518
5.0800000000000	-127.16844597136
5.1040000000000	-127.02421423376
5.1280000000000	-126.87759401998
5.1520000000000	-126.73408273416
5.1760000000000	-126.59764688304
5.2000000000000	-126.46834297438
5.2240000000000	-126.34239331751
5.2480000000000	-126.21456551079
5.2720000000000	-126.08136869435
5.2960000000000	-125.94307849648
5.3200000000000	-125.80334444875
5.3440000000000	-125.66672641093
5.3680000000000	-125.53580412169
5.3920000000000	-125.40963737847
5.4160000000000	-125.28442343323
5.4400000000000	-125.15587769540
5.4640000000000	-125.02184907066
5.4880000000000	-124.88353800543
5.5120000000000	-124.74459221562
5.5360000000000	-124.60874279971
5.5600000000000	-124.47752030185
5.5840000000000	-124.34942542790
5.6080000000000	-124.22097741249
5.6320000000000	-124.08894140129
5.6560000000000	-123.95233967368
5.6800000000000	-123.81299908687
5.7040000000000	-123.67434433185
5.7280000000000	-123.53927306453
5.7520000000000	-123.40846408801
5.7760000000000	-123.28011178825
5.8000000000000	-123.15117899848
5.8240000000000	-123.01935919970
5.8480000000000	-122.88452487474
5.8720000000000	-122.74877842985
5.8960000000000	-122.61513005230
5.9200000000000	-122.48568610519
5.9440000000000	-122.36047393851
5.9680000000000	-122.23757412050
5.9920000000000	-122.11442481698
6.0160000000000	-121.98947074170
6.0400000000000	-121.86313518025
6.0640000000000	-121.73753459009
6.0880000000000	-121.61516203696
6.1120000000000	-121.49739350686
6.1360000000000	-121.38372696641
6.1600000000000	-121.27217591941
6.1840000000000	-121.16053887706
6.2080000000000	-121.04774972483
6.2320000000000	-120.93447772377
6.2560000000000	-120.82262915570
6.2800000000000	-120.71409940980
6.3040000000000	-120.60957057985
6.3280000000000	-120.50808058972
6.3520000000000	-120.40759579123
6.3760000000000	-120.30621325461
6.4000000000000	-120.20324515681
6.4240000000000	-120.09952023760
6.4480000000000	-119.99673914899
6.4720000000000	-119.89631658844
6.4960000000000	-119.79844099918
6.5200000000000	-119.70191646411
6.5440000000000	-119.60485861347
6.5680000000000	-119.50579897405
6.5920000000000	-119.40450906911
6.6160000000000	-119.30203967140
6.6400000000000	-119.19997405887
6.6640000000000	-119.09938527143
6.6880000000000	-119.00014864290
6.7120000000000	-118.90101583308
6.7360000000000	-118.80038122430
6.7600000000000	-118.69725228130
6.7840000000000	-118.59181864204
6.8080000000000	-118.48527705612
6.8320000000000	-118.37904563262
6.8560000000000	-118.27387639788
6.8800000000000	-118.16941491731
6.9040000000000	-118.06445986665
6.9280000000000	-117.95774195583
6.9520000000000	-117.84872915077
6.9760000000000	-117.73795957272
7.0000000000000	-117.62671051809
7.0240000000000	-117.51623285400
7.0480000000000	-117.40703923118
7.0720000000000	-117.29867852325
7.0960000000000	-117.19011482834
7.1200000000000	-117.08045848514
7.1440000000000	-116.96958850930
7.1680000000000	-116.85828453127
7.1920000000000	-116.74780202080
7.2160000000000	-116.63917183143
7.2400000000000	-116.53266180307
7.2640000000000	-116.42771959071
7.2880000000000	-116.32341230858
7.3120000000000	-116.21907789779
7.3360000000000	-116.11478203490
7.3600000000000	-116.01130467806
7.3840000000000	-115.90967923473
7.4080000000000	-115.81058205003
7.4320000000000	-115.71394930170
7.4560000000000	-115.61904575618
7.4800000000000	-115.52492968421
7.5040000000000	-115.43102004940
7.5280000000000	-115.33741631327
7.5520000000000	-115.24478142353
7.5760000000000	-115.15387341040
7.6000000000000	-115.06502453484
7.6240000000000	-114.97788849073
7.6480000000000	-114.89160269614
7.6720000000000	-114.80525675031
7.6960000000000	-114.71837365620
7.7200000000000	-114.63110786581
7.7440000000000	-114.54404540099
7.7680000000000	-114.45774092298
7.7920000000000	-114.37228517114
7.8160000000000	-114.28716836334
7.8400000000000	-114.20151656819
7.8640000000000	-114.11454809838
7.8880000000000	-114.02596458604
7.9120000000000	-113.93603708233
7.9360000000000	-113.84534254633
7.9600000000000	-113.75432499778
7.9840000000000	-113.66295894939
8.0080000000000	-113.57072081098
8.0320000000000	-113.47687861309
8.0560000000000	-113.38091410861
8.0800000000000	-113.28281332037
8.1040000000000	-113.18304916281
8.1280000000000	-113.08227622490
8.1520000000000	-112.98093603977
8.1760000000000	-112.87901929061
8.2000000000000	-112.77612572405
8.2240000000000	-112.67177485028
8.2480000000000	-112.56576742607
8.2720000000000	-112.45837165616
8.2960000000000	-112.35022307223
8.3200000000000	-112.24200813993
8.3440000000000	-112.13413262582
8.3680000000000	-112.02657717317
8.3920000000000	-111.91902029110
8.4160000000000	-111.81114296917
8.4400000000000	-111.70292086359
8.4640000000000	-111.59472361721
8.4880000000000	-111.48716541248
8.5120000000000	-111.38080594862
8.5360000000000	-111.27588905690
8.5600000000000	-111.17227609976
8.5840000000000	-111.06960730735
8.6080000000000	-110.96758475953
8.6320000000000	-110.86619985585
8.6560000000000	-110.76576717533
8.6800000000000	-110.66674947233
8.7040000000000	-110.56948705686
8.7280000000000	-110.47399942633
8.7520000000000	-110.37997752716
8.7760000000000	-110.28696574277
8.8000000000000	-110.19461752921
8.8240000000000	-110.10286666244
8.8480000000000	-110.01191166190
8.8720000000000	-109.92202838959
8.8960000000000	-109.83333100394
8.9200000000000	-109.74562979217
8.9440000000000	-109.65847131304
8.9680000000000	-109.57133305689
8.9920000000000	-109.48385109390
9.0160000000000	-109.39594151919
9.0400000000000	-109.30774493306
9.0640000000000	-109.21943412232
9.0880000000000	-109.13100851577
9.1120000000000	-109.04220386289
9.1360000000000	-108.95257144751
9.1600000000000	-108.86167559382
9.1840000000000	-108.76928632952
9.2080000000000	-108.67544948601
9.2320000000000	-108.58039490646
9.2560000000000	-108.48434455794
9.2800000000000	-108.38734233836
9.3040000000000	-108.28921023092
9.3280000000000	-108.18965446284
9.3520000000000	-108.08845212895
9.3760000000000	-107.98560073399
9.4000000000000	-107.88133895074
9.4240000000000	-107.77602902345
9.4480000000000	-107.66997695317
9.4720000000000	-107.56330235294
9.4960000000000	-107.45593549061
9.5200000000000	-107.34773842945
9.5440000000000	-107.23867114118
9.5680000000000	-107.12889822957
9.5920000000000	-107.01877159192
9.6160000000000	-106.90870266953
9.6400000000000	-106.79900516913
9.6640000000000	-106.68980424773
9.6880000000000	-106.58106413522
9.7120000000000	-106.47271222803
9.7360000000000	-106.36477963264
9.7600000000000	-106.25747061843
9.7840000000000	-106.15111959654
9.8080000000000	-106.04606423732
9.8320000000000	-105.94251347521
9.8560000000000	-105.84048960840
9.8800000000000	-105.73987622717
9.9040000000000	-105.64053870981
9.9280000000000	-105.54244113291
9.9520000000000	-105.44568790825
9.9760000000000	-105.35046641806
10.000000000000	-105.25692802510
10.024000000000	-105.16508142213
10.048000000000	-105.07476291706
10.072000000000	-104.98570009296
10.096000000000	-104.89762846128
10.120000000000	-104.81038966806
10.144000000000	-104.72395282657
10.168000000000	-104.63834894549
10.192000000000	-104.55356188696
10.216000000000	-104.46944494381
10.240000000000	-104.38571500370
10.264000000000	-104.30202786283
10.288000000000	-104.21808863644
10.312000000000	-104.13373059690
10.336000000000	-104.04891636476
10.360000000000	-103.96366393413
10.384000000000	-103.87794606163
10.408000000000	-103.79162670948
10.432000000000	-103.70447392608
10.456000000000	-103.61624062621
10.480000000000	-103.52676303973
10.504000000000	-103.43601659952
10.528000000000	-103.34409637755
10.552000000000	-103.25113626047
10.576000000000	-103.15721826181
10.600000000000	-103.06232794082
10.624000000000	-102.96638196142
10.648000000000	-102.86930872877
10.672000000000	-102.77113079499
10.696000000000	-102.67199780311
10.720000000000	-102.57215034257
10.744000000000	-102.47183792758
10.768000000000	-102.37124163392
10.792000000000	-102.27044745125
10.816000000000	-102.16948395826
10.840000000000	-102.06839820157
10.864000000000	-101.96732103884
10.888000000000	-101.86648098668
10.912000000000	-101.76615820091
10.936000000000	-101.66660695205
10.960000000000	-101.56799327029
10.984000000000	-101.47038382223
11.008000000000	-101.37378998560
11.032000000000	-101.27823758896
11.056000000000	-101.18381813135
11.080000000000	-101.09068984012
11.104000000000	-100.99902834719
11.128000000000	-100.90895746699
11.152000000000	-100.82050194254
11.176000000000	-100.73358979013
11.200000000000	-100.64810134788
11.224000000000	-100.56393411320
11.248000000000	-100.48104375596
11.272000000000	-100.39943718316
11.296000000000	-100.31912333938
11.320000000000	-100.24005314771
11.344000000000	-100.16208609404
11.368000000000	-100.08500417696
11.392000000000	-100.00856492258
11.416000000000	-99.932561680582
11.440000000000	-99.856855633184
11.464000000000	-99.781361900718
11.488000000000	-99.706000546078
11.512000000000	-99.630644598759
11.536000000000	-99.555098504911
11.560000000000	-99.479121233104
11.584000000000	-99.402480680733
11.608000000000	-99.325007011021
11.632000000000	-99.246613642287
11.656000000000	-99.167274887798
11.680000000000	-99.086975941495
11.704000000000	-99.005667447799
11.728000000000	-98.923253282625
11.752000000000	-98.839619034564
11.776000000000	-98.754683334000
11.800000000000	-98.668440272970
11.824000000000	-98.580967046344
11.848000000000	-98.492392644924
11.872000000000	-98.402847241050
11.896000000000	-98.312423103257
11.920000000000	-98.221169895286
11.944000000000	-98.129125455084
11.968000000000	-98.036361278411
11.992000000000	-97.943013325434
12.016000000000	-97.849278378755
12.040000000000	-97.755377676566
12.064000000000	-97.661509445379
12.088000000000	-97.567818137216
12.112000000000	-97.474397275010
12.136000000000	-97.381321958240
12.160000000000	-97.288689204761
12.184000000000	-97.196640159624
12.208000000000	-97.105349948595
12.232000000000	-97.014991047111
12.256000000000	-96.925692045134
12.280000000000	-96.837516018909
12.304000000000	-96.750470347796
12.328000000000	-96.664540605164
12.352000000000	-96.579726860728
12.376000000000	-96.496059868778
12.400000000000	-96.413587417019
12.424000000000	-96.332339536373
12.448000000000	-96.252294040794
12.472000000000	-96.173363375983
12.496000000000	-96.095410593504
12.520000000000	-96.018284636657
12.544000000000	-95.941853754760
12.568000000000	-95.866017531285
12.592000000000	-95.790691509777
12.616000000000	-95.715775341834
12.640000000000	-95.641125392536
12.664000000000	-95.566549833057
12.688000000000	-95.491830394866
12.712000000000	-95.416758737956
12.736000000000	-95.341166702200
12.760000000000	-95.264933773924
12.784000000000	-95.187969271083
12.808000000000	-95.110182209823
12.832000000000	-95.031459056116
12.856000000000	-94.951664274562
12.880000000000	-94.870664207902
12.904000000000	-94.788360311653
12.928000000000	-94.704712034226
12.952000000000	-94.619736074067
12.976000000000	-94.533483218260
13.000000000000	-94.446007432268
13.024000000000	-94.357346073226
13.048000000000	-94.267522661070
13.072000000000	-94.176569381617
13.096000000000	-94.084554295317
13.120000000000	-93.991595510176
13.144000000000	-93.897852806878
13.168000000000	-93.803501092682
13.192000000000	-93.708700971027
13.216000000000	-93.613583055988
13.240000000000	-93.518253871814
13.264000000000	-93.422817871740
13.288000000000	-93.327400479744
13.312000000000	-93.232156849274
13.336000000000	-93.137260129836
13.360000000000	-93.042875673323
13.384000000000	-92.949136035775
13.408000000000	-92.856130851748
13.432000000000	-92.763916399742
13.456000000000	-92.672537746865
13.480000000000	-92.582049014972
13.504000000000	-92.492518867082
13.528000000000	-92.404017630036
13.552000000000	-92.316593749165
13.576000000000	-92.230253664873
13.600000000000	-92.144956970094
13.624000000000	-92.060629390153
13.648000000000	-91.977185478586
13.672000000000	-91.894547377067
13.696000000000	-91.812648792728
13.720000000000	-91.731422663627
13.744000000000	-91.650781068224
13.768000000000	-91.570600670917
13.792000000000	-91.490723603912
13.816000000000	-91.410974342534
13.840000000000	-91.331183569842
13.864000000000	-91.251206031512
13.888000000000	-91.170923298099
13.912000000000	-91.090231693477
13.936000000000	-91.009024655345
13.960000000000	-90.927181985216
13.984000000000	-90.844573965043
14.008000000000	-90.761079009773
14.032000000000	-90.676605131184
14.056000000000	-90.591103115028
14.080000000000	-90.504564328830
14.104000000000	-90.417005314957
14.128000000000	-90.328449079098
14.152000000000	-90.238914558574
14.176000000000	-90.148420315269
14.200000000000	-90.056999503627
14.224000000000	-89.964716165238
14.248000000000	-89.871672119715
14.272000000000	-89.777999507605
14.296000000000	-89.683842735607
14.320000000000	-89.589339826200
14.344000000000	-89.494613245920
14.368000000000	-89.399774286167
14.392000000000	-89.304936773759
14.416000000000	-89.210230358510
14.440000000000	-89.115804128614
14.464000000000	-89.021817389218
14.488000000000	-88.928422297078
14.512000000000	-88.835747894438
14.536000000000	-88.743894085654
14.560000000000	-88.652937998423
14.584000000000	-88.562947752093
14.608000000000	-88.473994395034
14.632000000000	-88.386154152969
14.656000000000	-88.299499201066
14.680000000000	-88.214082196407
14.704000000000	-88.129923557486
14.728000000000	-88.047008780239
14.752000000000	-87.965297063672
14.776000000000	-87.884735862397
14.800000000000	-87.805272677746
14.824000000000	-87.726857363272
14.848000000000	-87.649434191488
14.872000000000	-87.572929261614
14.896000000000	-87.497241714671
14.920000000000	-87.422244977731
14.944000000000	-87.347798297269
14.968000000000	-87.273762762956
14.992000000000	-87.200013502147
15.016000000000	-87.126442212770
15.040000000000	-87.052950140615
15.064000000000	-86.979437372949
15.088000000000	-86.905796434700
15.112000000000	-86.831915403078
15.136000000000	-86.757689833452
15.160000000000	-86.683037329731
15.184000000000	-86.607906895140
15.208000000000	-86.532278254116
15.232000000000	-86.456152244727
15.256000000000	-86.379538536531
15.280000000000	-86.302448227940
15.304000000000	-86.224895597879
15.328000000000	-86.146907486733
15.352000000000	-86.068534009015
15.376000000000	-85.989853425734
15.400000000000	-85.910967498108
15.424000000000	-85.831989326538
15.448000000000	-85.753030082839
15.472000000000	-85.674191536777
15.496000000000	-85.595567634275
15.520000000000	-85.517252869666
15.544000000000	-85.439351152107
15.568000000000	-85.361978693595
15.592000000000	-85.285258174721
15.616000000000	-85.209306765343
15.640000000000	-85.134224270290
15.664000000000	-85.060087552449
15.688000000000	-84.986953596479
15.712000000000	-84.914868444174
15.736000000000	-84.843875843995
15.760000000000	-84.774019808386
15.784000000000	-84.705339097328
15.808000000000	-84.637856610362
15.832000000000	-84.571569791297
15.856000000000	-84.506447592447
15.880000000000	-84.442435690331
15.904000000000	-84.379466832864
15.928000000000	-84.317470310435
15.952000000000	-84.256375283619
15.976000000000	-84.196106589299
16.000000000000	-84.136576325844
16.024000000000	-84.077677172947
16.048000000000	-84.019282453562
16.072000000000	-83.961253984662
16.096000000000	-83.903454181087
16.120000000000	-83.845756422186
16.144000000000	-83.788048824152
16.168000000000	-83.730230578432
16.192000000000	-83.672204480264
16.216000000000	-83.613871486246
16.240000000000	-83.555131783756
16.264000000000	-83.495892770419
16.288000000000	-83.436080014361
16.312000000000	-83.375645315943
16.336000000000	-83.314567589517
16.360000000000	-83.252846446940
16.384000000000	-83.190492562451
16.408000000000	-83.127520598126
16.432000000000	-83.063948671522
16.456000000000	-82.999804177337
16.480000000000	-82.935131778131
16.504000000000	-82.869997969437
16.528000000000	-82.804488628013
16.552000000000	-82.738700123769
16.576000000000	-82.672728375044
16.600000000000	-82.606661367942
16.624000000000	-82.540578489360
16.648000000000	-82.474555886090
16.672000000000	-82.408673466408
16.696000000000	-82.343018254599
16.720000000000	-82.277681100794
16.744000000000	-82.212747822011
16.768000000000	-82.148289239555
16.792000000000	-82.084355261083
16.816000000000	-82.020975758198
16.840000000000	-81.958166984282
16.864000000000	-81.895939075518
16.888000000000	-81.834299685712
16.912000000000	-81.773251288782
16.936000000000	-81.712783627024
16.960000000000	-81.652865814388
16.984000000000	-81.593442916658
17.008000000000	-81.534439260462
17.032000000000	-81.475766828721
17.056000000000	-81.417334217997
17.080000000000	-81.359051478465
17.104000000000	-81.300828802689
17.128000000000	-81.242570868166
17.152000000000	-81.184171355295
17.176000000000	-81.125512126881
17.200000000000	-81.066468799070
17.224000000000	-81.006920622402
17.248000000000	-80.946760019067
17.272000000000	-80.885897329422
17.296000000000	-80.824259170405
17.320000000000	-80.761782571320
17.344000000000	-80.698409456845
17.368000000000	-80.634085655054
17.392000000000	-80.568765679917
17.416000000000	-80.502420862200
17.440000000000	-80.435046207585
17.464000000000	-80.366661964758
17.488000000000	-80.297308907565
17.512000000000	-80.227039935723
17.536000000000	-80.155912607013
17.560000000000	-80.083986442939
17.584000000000	-80.011325799554
17.608000000000	-79.938005628525
17.632000000000	-79.864115658213
17.656000000000	-79.789759456331
17.680000000000	-79.715047898475
17.704000000000	-79.640089893928
17.728000000000	-79.564984814135
17.752000000000	-79.489820001409
17.776000000000	-79.414673682538
17.800000000000	-79.339620424013
17.824000000000	-79.264734844103
17.848000000000	-79.190090462951
17.872000000000	-79.115753593875
17.896000000000	-79.041775231584
17.920000000000	-78.968185159626
17.944000000000	-78.894991251996
17.968000000000	-78.822183957066
17.992000000000	-78.749743020774
18.016000000000	-78.677642368580
18.040000000000	-78.605850375347
18.064000000000	-78.534325702416
18.088000000000	-78.463011698788
18.112000000000	-78.391833371963
18.136000000000	-78.320699547772
18.160000000000	-78.249509898110
18.184000000000	-78.178163775593
18.208000000000	-78.106566875575
18.232000000000	-78.034633174986
18.256000000000	-77.962282499950
18.280000000000	-77.889436705819
18.304000000000	-77.816018246055
18.328000000000	-77.741953402682
18.352000000000	-77.667179567476
18.376000000000	-77.591653431779
18.400000000000	-77.515356272691
18.424000000000	-77.438294101668
18.448000000000	-77.360493311440
18.472000000000	-77.281994901918
18.496000000000	-77.202850942234
18.520000000000	-77.123125322603
18.544000000000	-77.042898055273
18.568000000000	-76.962270080024
18.592000000000	-76.881365080941
18.616000000000	-76.800326469625
18.640000000000	-76.719310429703
18.664000000000	-76.638478111875
18.688000000000	-76.557990431836
18.712000000000	-76.478007272562
18.736000000000	-76.398690232705
18.760000000000	-76.320205971728
18.784000000000	-76.242726893159
18.808000000000	-76.166427527015
18.832000000000	-76.091477537444
18.856000000000	-76.018034275800
18.880000000000	-75.946238069717
18.904000000000	-75.876211858791
18.928000000000	-75.808064308683
18.952000000000	-75.741893613615
18.976000000000	-75.677788941051
19.000000000000	-75.615828008210
19.024000000000	-75.556071694580
19.048000000000	-75.498558477999
19.072000000000	-75.443301749059
19.096000000000	-75.390291571036
19.120000000000	-75.339500084760
19.144000000000	-75.290887882666
19.168000000000	-75.244408369425
19.192000000000	-75.200008549014
19.216000000000	-75.157626988427
19.240000000000	-75.117191553066
19.264000000000	-75.078619808777
19.288000000000	-75.041823559815
19.312000000000	-75.006716662167
19.336000000000	-74.973223365500
19.360000000000	-74.941284088264
19.384000000000	-74.910856923625
19.408000000000	-74.881915502311
19.432000000000	-74.854445751395
19.456000000000	-74.828444477385
19.480000000000	-74.803921348447
19.504000000000	-74.780903552920
19.528000000000	-74.759440520784
19.552000000000	-74.739605728355
19.576000000000	-74.721493994286
19.600000000000	-74.705215022715
19.624000000000	-74.690885899671
19.648000000000	-74.678625671375
19.672000000000	-74.668553782128
19.696000000000	-74.660791806432
19.720000000000	-74.655465929775
19.744000000000	-74.652707160351
19.768000000000	-74.652647563520
19.792000000000	-74.655413144019
19.816000000000	-74.661116004633
19.840000000000	-74.669848916029
19.864000000000	-74.681684133115
19.888000000000	-74.696675921506
19.912000000000	-74.714864171822
19.936000000000	-74.736275887647
19.960000000000	-74.760922596908
19.984000000000	-74.788794154511
20.008000000000	-74.819851599945
20.032000000000	-74.854022440523
20.056000000000	-74.891200522139
20.080000000000	-74.931250197484
20.104000000000	-74.974012210542
20.128000000000	-75.019307926096
20.152000000000	-75.066939742831
20.176000000000	-75.116688082186
20.200000000000	-75.168307778261
20.224000000000	-75.221527564063
20.248000000000	-75.276055079188
20.272000000000	-75.331587070556
20.296000000000	-75.387821770147
20.320000000000	-75.444469377208
20.344000000000	-75.501257805152
20.368000000000	-75.557933700675
20.392000000000	-75.614261545892
20.416000000000	-75.670024726974
20.440000000000	-75.725031092612
20.464000000000	-75.779122475790
20.488000000000	-75.832184707721
20.512000000000	-75.884153616105
20.536000000000	-75.935014090079
20.560000000000	-75.984792669834
20.584000000000	-76.033547333455
20.608000000000	-76.081359300167
20.632000000000	-76.128330034283
20.656000000000	-76.174583155750
20.680000000000	-76.220267700519
20.704000000000	-76.265558092776
20.728000000000	-76.310647980106
20.752000000000	-76.355738715171
20.776000000000	-76.401026586849
20.800000000000	-76.446693899093
20.824000000000	-76.492907007690
20.848000000000	-76.539820560322
20.872000000000	-76.587583685940
20.896000000000	-76.636342814135
20.920000000000	-76.686237841315
20.944000000000	-76.737392343149
20.968000000000	-76.789902135694
20.992000000000	-76.843827570242
21.016000000000	-76.899192825228
21.040000000000	-76.955991335383
21.064000000000	-77.014192792832
21.088000000000	-77.073746102777
21.112000000000	-77.134575005065
21.136000000000	-77.196567525246
21.160000000000	-77.259564436533
21.184000000000	-77.323353113472
21.208000000000	-77.387670744761
21.232000000000	-77.452216159825
21.256000000000	-77.516665222387
21.280000000000	-77.580683403703
21.304000000000	-77.643931627971
21.328000000000	-77.706066365617
21.352000000000	-77.766739300337
21.376000000000	-77.825602976579
21.400000000000	-77.882325789286
21.424000000000	-77.936614144381
21.448000000000	-77.988234845575
21.472000000000	-78.037029699437
21.496000000000	-78.082917797846
21.520000000000	-78.125887026957
21.544000000000	-78.165981495494
21.568000000000	-78.203292691583
21.592000000000	-78.237958586493
21.616000000000	-78.270168794966
21.640000000000	-78.300169037890
21.664000000000	-78.328257584166
21.688000000000	-78.354770526040
21.712000000000	-78.380059202301
21.736000000000	-78.404467920547
21.760000000000	-78.428320364565
21.784000000000	-78.451918465619
21.808000000000	-78.475550721270
21.832000000000	-78.499501938755
21.856000000000	-78.524056103613
21.880000000000	-78.549488683975
21.904000000000	-78.576051434952
21.928000000000	-78.603957636699
21.952000000000	-78.633375751423
21.976000000000	-78.664434624000
22.000000000000	-78.697236394846
22.024000000000	-78.731868343296
22.048000000000	-78.768404930655
22.072000000000	-78.806896476856
22.096000000000	-78.847348293453
22.120000000000	-78.889699463081
22.144000000000	-78.933810676412
22.168000000000	-78.979465457310
22.192000000000	-79.026381679077
22.216000000000	-79.074224891151
22.240000000000	-79.122614920036
22.264000000000	-79.171122673965
22.288000000000	-79.219261929689
22.312000000000	-79.266486373550
22.336000000000	-79.312201739361
22.360000000000	-79.355796334828
22.384000000000	-79.396684042630
22.408000000000	-79.434347268896
22.432000000000	-79.468367253996
22.456000000000	-79.498435858773
22.480000000000	-79.524352520292
22.504000000000	-79.546016813239
22.528000000000	-79.563426891302
22.552000000000	-79.576687199403
22.576000000000	-79.586019648017
22.600000000000	-79.591766865939
22.624000000000	-79.594377962498
22.648000000000	-79.594375612869
22.672000000000	-79.592313268013
22.696000000000	-79.588736833307
22.720000000000	-79.584162845138
22.744000000000	-79.579076288779
22.768000000000	-79.573940912308
22.792000000000	-79.569209147545
22.816000000000	-79.565320771857
22.840000000000	-79.562687865748
22.864000000000	-79.561673325299
22.888000000000	-79.562575351163
22.912000000000	-79.565627844514
22.936000000000	-79.571017885860
22.960000000000	-79.578911515600
22.984000000000	-79.589473678465
23.008000000000	-79.602870634604
23.032000000000	-79.619252093564
23.056000000000	-79.638720729542
23.080000000000	-79.661302661962
23.104000000000	-79.686930595517
23.128000000000	-79.715442805688
23.152000000000	-79.746591102351
23.176000000000	-79.780045372505
23.200000000000	-79.815384860748
23.224000000000	-79.852075897261
23.248000000000	-79.889447014602
23.272000000000	-79.926678682443
23.296000000000	-79.962822082565
23.320000000000	-79.996850282413
23.344000000000	-80.027731447005
23.368000000000	-80.054504762257
23.392000000000	-80.076340523143
23.416000000000	-80.092575831327
23.440000000000	-80.102730497404
23.464000000000	-80.106515994728
23.488000000000	-80.103848645418
23.512000000000	-80.094867989490
23.536000000000	-80.079949525994
23.560000000000	-80.059695978002
23.584000000000	-80.034897016542
23.608000000000	-80.006461125183
23.632000000000	-79.975336908688
23.656000000000	-79.942446435276
23.680000000000	-79.908646918428
23.704000000000	-79.874722781522
23.728000000000	-79.841396002374
23.752000000000	-79.809336384022
23.776000000000	-79.779158082851
23.800000000000	-79.751401070273
23.824000000000	-79.726508667958
23.848000000000	-79.704817488137
23.872000000000	-79.686570987069
23.896000000000	-79.671955322715
23.920000000000	-79.661143429066
23.944000000000	-79.654327477205
23.968000000000	-79.651724538884
23.992000000000	-79.653552785833
24.016000000000	-79.659988965761
24.040000000000	-79.671124750184
24.064000000000	-79.686936231543
24.088000000000	-79.707269634038
24.112000000000	-79.731834074013
24.136000000000	-79.760186576670
24.160000000000	-79.791699555426
24.184000000000	-79.825514586141
24.208000000000	-79.860501342752
24.232000000000	-79.895248308448
24.256000000000	-79.928106873053
24.280000000000	-79.957293631073
24.304000000000	-79.981034467222
24.328000000000	-79.997718682774
24.352000000000	-80.006029798365
24.376000000000	-80.005032340681
24.400000000000	-79.994213312502
24.424000000000	-79.973491746045
24.448000000000	-79.943211757858
24.472000000000	-79.904124604529
24.496000000000	-79.857352260721
24.520000000000	-79.804319753701
24.544000000000	-79.746650997655
24.568000000000	-79.686039170810
24.592000000000	-79.624117505307
24.616000000000	-79.562360085082
24.640000000000	-79.502031925210
24.664000000000	-79.444188448699
24.688000000000	-79.389706466970
24.712000000000	-79.339320944730
24.736000000000	-79.293647487692
24.760000000000	-79.253185666894
24.784000000000	-79.218314109209
24.808000000000	-79.189295854790
24.832000000000	-79.166307691303
24.856000000000	-79.149492763523
24.880000000000	-79.139019726888
24.904000000000	-79.135122981706
24.928000000000	-79.138102104963
24.952000000000	-79.148272853809
24.976000000000	-79.165879684932
25.000000000000	-79.190991713576
