#Parameters = {BoxHeight=30.534351145038; BoxThickness=0.1; BoxWidth=72; L=5.089058524173; La=12; Wa=0.24; c=300000000; d=6; f=12.5; g=0.48; lam=24; r=0.24}
#"Frequency / GHz"	"E-Field (120 0 0)(Z) [1[1,0]+2[1,0],[12.5]] [Magnitude]"
#---------------------------------------------------------------------------
1.0000000000000	-134.38601911517
1.0240000000000	-136.67575691663
1.0480000000000	-139.20040046061
1.0720000000000	-141.72451847866
1.0960000000000	-144.50515103403
1.1200000000000	-149.16352921371
1.1440000000000	-163.61805052557
1.1680000000000	-148.26538784799
1.1920000000000	-141.65653325903
1.2160000000000	-137.97741274584
1.2400000000000	-135.67849363443
1.2640000000000	-134.22646233302
1.2880000000000	-133.30982780313
1.3120000000000	-132.66203300123
1.3360000000000	-132.03954670760
1.3600000000000	-131.29755985912
1.3840000000000	-130.45779028170
1.4080000000000	-129.65261159234
1.4320000000000	-129.00998474775
1.4560000000000	-128.59141943820
1.4800000000000	-128.38334381207
1.5040000000000	-128.30644525472
1.5280000000000	-128.24044047599
1.5520000000000	-128.08017448603
1.5760000000000	-127.80259807846
1.6000000000000	-127.47804093702
1.6240000000000	-127.21080501371
1.6480000000000	-127.07274117627
1.6720000000000	-127.07146863816
1.6960000000000	-127.14808346363
1.7200000000000	-127.20080411855
1.7440000000000	-127.14109085052
1.7680000000000	-126.95602001186
1.7920000000000	-126.71495936317
1.8160000000000	-126.51191372098
1.8400000000000	-126.40366776869
1.8640000000000	-126.38208692192
1.8880000000000	-126.37951731335
1.9120000000000	-126.30548615471
1.9360000000000	-126.10673481479
1.9600000000000	-125.80657294597
1.9840000000000	-125.48214963864
2.0080000000000	-125.20596105164
2.0320000000000	-125.00421240616
2.0560000000000	-124.84873814072
2.0800000000000	-124.67701551366
2.1040000000000	-124.43272448207
2.1280000000000	-124.10513860284
2.1520000000000	-123.73476678343
2.1760000000000	-123.38142583083
2.2000000000000	-123.08609807170
2.2240000000000	-122.85193452897
2.2480000000000	-122.64769673383
2.2720000000000	-122.42854875228
2.2960000000000	-122.16482167171
2.3200000000000	-121.86104971324
2.3440000000000	-121.55066317313
2.3680000000000	-121.27227002725
2.3920000000000	-121.04674303847
2.4160000000000	-120.86761818355
2.4400000000000	-120.70658726726
2.4640000000000	-120.53059442853
2.4880000000000	-120.32199108061
2.5120000000000	-120.08867547558
2.5360000000000	-119.85673143467
2.5600000000000	-119.65211830029
2.5840000000000	-119.48470654779
2.6080000000000	-119.34306803248
2.6320000000000	-119.20140003262
2.6560000000000	-119.03488945063
2.6800000000000	-118.83475132561
2.7040000000000	-118.61254324261
2.7280000000000	-118.39078283772
2.7520000000000	-118.18758220801
2.7760000000000	-118.00578272899
2.8000000000000	-117.83209020887
2.8240000000000	-117.64582896364
2.8480000000000	-117.43218643393
2.8720000000000	-117.19154892242
2.8960000000000	-116.93847139141
2.9200000000000	-116.69161583171
2.9440000000000	-116.46232472859
2.9680000000000	-116.24888760582
2.9920000000000	-116.03893790809
3.0160000000000	-115.81799972113
3.0400000000000	-115.57897269134
3.0640000000000	-115.32648649924
3.0880000000000	-115.07343716199
3.1120000000000	-114.83264943569
3.1360000000000	-114.60943915058
3.1600000000000	-114.39926804490
3.1840000000000	-114.19125846587
3.2080000000000	-113.97523700241
3.2320000000000	-113.74800794765
3.2560000000000	-113.51491270752
3.2800000000000	-113.28591761767
3.3040000000000	-113.06918853157
3.3280000000000	-112.86631728854
3.3520000000000	-112.67178238013
3.3760000000000	-112.47661759101
3.4000000000000	-112.27397383135
3.4240000000000	-112.06314034854
3.4480000000000	-111.84953230153
3.4720000000000	-111.64088282991
3.4960000000000	-111.44232923149
3.5200000000000	-111.25344664542
3.5440000000000	-111.06878174489
3.5680000000000	-110.88135505742
3.5920000000000	-110.68693585615
3.6160000000000	-110.48643058960
3.6400000000000	-110.28495124343
3.6640000000000	-110.08835435331
3.6880000000000	-109.89958743778
3.7120000000000	-109.71704448758
3.7360000000000	-109.53574458898
3.7600000000000	-109.35048660463
3.7840000000000	-109.15900246321
3.8080000000000	-108.96315380118
3.8320000000000	-108.76751236048
3.8560000000000	-108.57638156678
3.8800000000000	-108.39120237219
3.9040000000000	-108.20986247426
3.9280000000000	-108.02818813985
3.9520000000000	-107.84261747085
3.9760000000000	-107.65237948649
4.0000000000000	-107.45984658894
4.0240000000000	-107.26893662316
4.0480000000000	-107.08268161925
4.0720000000000	-106.90149753264
4.0960000000000	-106.72313221775
4.1200000000000	-106.54421643867
4.1440000000000	-106.36240830988
4.1680000000000	-106.17779702373
4.1920000000000	-105.99273163514
4.2160000000000	-105.81026845133
4.2400000000000	-105.63227861846
4.2640000000000	-105.45838029713
4.2880000000000	-105.28627822215
4.3120000000000	-105.11323156475
4.3360000000000	-104.93771566752
4.3600000000000	-104.76025547200
4.3840000000000	-104.58295761851
4.4080000000000	-104.40810406042
4.4320000000000	-104.23672601384
4.4560000000000	-104.06802041541
4.4800000000000	-103.89990963625
4.5040000000000	-103.73035196647
4.5280000000000	-103.55857662786
4.5520000000000	-103.38549110957
4.5760000000000	-103.21305141342
4.6000000000000	-103.04304033782
4.6240000000000	-102.87603208731
4.6480000000000	-102.71115355579
4.6720000000000	-102.54673883691
4.6960000000000	-102.38143741689
4.7200000000000	-102.21508171119
4.7440000000000	-102.04879317545
4.7680000000000	-101.88429894709
4.7920000000000	-101.72291802523
4.8160000000000	-101.56484692356
4.8400000000000	-101.40915377551
4.8640000000000	-101.25444542227
4.8880000000000	-101.09977357633
4.9120000000000	-100.94521969451
4.9360000000000	-100.79181595387
4.9600000000000	-100.64088245352
4.9840000000000	-100.49321336279
5.0080000000000	-100.34861070420
5.0320000000000	-100.20602802922
5.0560000000000	-100.06421026420
5.0800000000000	-99.922423974128
5.1040000000000	-99.780831845067
5.1280000000000	-99.640298621172
5.1520000000000	-99.501773440909
5.1760000000000	-99.365645180154
5.2000000000000	-99.231462956105
5.2240000000000	-99.098174968517
5.2480000000000	-98.964721259684
5.2720000000000	-98.830608105775
5.2960000000000	-98.696114871098
5.3200000000000	-98.562021953113
5.3440000000000	-98.429047529888
5.3680000000000	-98.297350226055
5.3920000000000	-98.166397254746
5.4160000000000	-98.035262999194
5.4400000000000	-97.903160242379
5.4640000000000	-97.769871619936
5.4880000000000	-97.635821113089
5.5120000000000	-97.501756703146
5.5360000000000	-97.368255903350
5.5600000000000	-97.235364263492
5.5840000000000	-97.102581041484
5.6080000000000	-96.969186217564
5.6320000000000	-96.834696180970
5.6560000000000	-96.699164662541
5.6800000000000	-96.563150759624
5.7040000000000	-96.427387796085
5.7280000000000	-96.292368699580
5.7520000000000	-96.158103785832
5.7760000000000	-96.024189578761
5.8000000000000	-95.890132691509
5.8240000000000	-95.755720449629
5.8480000000000	-95.621209487889
5.8720000000000	-95.487223820021
5.8960000000000	-95.354436236340
5.9200000000000	-95.223235470823
5.9440000000000	-95.093580218787
5.9680000000000	-94.965118659923
5.9920000000000	-94.837488673462
6.0160000000000	-94.710608254211
6.0400000000000	-94.584778939603
6.0640000000000	-94.460545847909
6.0880000000000	-94.338408484503
6.1120000000000	-94.218562912187
6.1360000000000	-94.100828937397
6.1600000000000	-93.984798161796
6.1840000000000	-93.870104572934
6.2080000000000	-93.756649011911
6.2320000000000	-93.644642703155
6.2560000000000	-93.534449913168
6.2800000000000	-93.426332866164
6.3040000000000	-93.320257523459
6.3280000000000	-93.215876112487
6.3520000000000	-93.112691560833
6.3760000000000	-93.010298954979
6.4000000000000	-92.908555590300
6.4240000000000	-92.807579072517
6.4480000000000	-92.707581141391
6.4720000000000	-92.608645145089
6.4960000000000	-92.510585936723
6.5200000000000	-92.412976267119
6.5440000000000	-92.315319862822
6.5680000000000	-92.217262471556
6.5920000000000	-92.118711756461
6.6160000000000	-92.019796325430
6.6400000000000	-91.920695133624
6.6640000000000	-91.821447206797
6.6880000000000	-91.721860092731
6.7120000000000	-91.621571087082
6.7360000000000	-91.520219942037
6.7600000000000	-91.417624390887
6.7840000000000	-91.313850986613
6.8080000000000	-91.209141322201
6.8320000000000	-91.103744059198
6.8560000000000	-90.997759361006
6.8800000000000	-90.891090800251
6.9040000000000	-90.783530425784
6.9280000000000	-90.674920015911
6.9520000000000	-90.565286461543
6.9760000000000	-90.454868290266
7.0000000000000	-90.344020027830
7.0240000000000	-90.233056594471
7.0480000000000	-90.122134271319
7.0720000000000	-90.011238595874
7.0960000000000	-89.900281524697
7.1200000000000	-89.789243359026
7.1440000000000	-89.678269802037
7.1680000000000	-89.567665092219
7.1920000000000	-89.457787890573
7.2160000000000	-89.348915801113
7.2400000000000	-89.241161024500
7.2640000000000	-89.134485438579
7.2880000000000	-89.028801289983
7.3120000000000	-88.924092223942
7.3360000000000	-88.820479286172
7.3600000000000	-88.718192656820
7.3840000000000	-88.617468751529
7.4080000000000	-88.518437191343
7.4320000000000	-88.421066186184
7.4560000000000	-88.325197252234
7.4800000000000	-88.230645138513
7.5040000000000	-88.137300092582
7.5280000000000	-88.045170112070
7.5520000000000	-87.954339322921
7.5760000000000	-87.864870625411
7.6000000000000	-87.776714067848
7.6240000000000	-87.689677292649
7.6480000000000	-87.603475169131
7.6720000000000	-87.517827138385
7.6960000000000	-87.432542538973
7.7200000000000	-87.347543056143
7.7440000000000	-87.262811306522
7.7680000000000	-87.178300265242
7.7920000000000	-87.093861471152
7.8160000000000	-87.009237012406
7.8400000000000	-86.924120076937
7.8640000000000	-86.838246611298
7.8880000000000	-86.751462298971
7.9120000000000	-86.663725504554
7.9360000000000	-86.575047234397
7.9600000000000	-86.485407958656
7.9840000000000	-86.394704287785
8.0080000000000	-86.302758558784
8.0320000000000	-86.209384574733
8.0560000000000	-86.114468095710
8.0800000000000	-86.018012459739
8.1040000000000	-85.920122422029
8.1280000000000	-85.820938098349
8.1520000000000	-85.720561218415
8.1760000000000	-85.619019177153
8.2000000000000	-85.516287484425
8.2240000000000	-85.412354432861
8.2480000000000	-85.307286136934
8.2720000000000	-85.201251022166
8.2960000000000	-85.094489006340
8.3200000000000	-84.987245048514
8.3440000000000	-84.879707881620
8.3680000000000	-84.771990061412
8.3920000000000	-84.664158828263
8.4160000000000	-84.556295802424
8.4400000000000	-84.448546605187
8.4640000000000	-84.341128967633
8.4880000000000	-84.234294366116
8.5120000000000	-84.128266826308
8.5360000000000	-84.023195684798
8.5600000000000	-83.919149365883
8.5840000000000	-83.816151416498
8.6080000000000	-83.714234380572
8.6320000000000	-83.613477128006
8.6560000000000	-83.514002531182
8.6800000000000	-83.415937384050
8.7040000000000	-83.319359526267
8.7280000000000	-83.224264297985
8.7520000000000	-83.130569893382
8.7760000000000	-83.038157144433
8.8000000000000	-82.946918634006
8.8240000000000	-82.856787213271
8.8480000000000	-82.767727518042
8.8720000000000	-82.679697259560
8.8960000000000	-82.592603519686
8.9200000000000	-82.506281866446
8.9440000000000	-82.420511653089
8.9680000000000	-82.335058586479
8.9920000000000	-82.249719291840
9.0160000000000	-82.164342029766
9.0400000000000	-82.078812990399
9.0640000000000	-81.993019012371
9.0880000000000	-81.906811837765
9.1120000000000	-81.819997493113
9.1360000000000	-81.732358365321
9.1600000000000	-81.643695180663
9.1840000000000	-81.553864010410
9.2080000000000	-81.462786914031
9.2320000000000	-81.370431439091
9.2560000000000	-81.276773372828
9.2800000000000	-81.181766947283
9.3040000000000	-81.085341302793
9.3280000000000	-80.987425142642
9.3520000000000	-80.887983876894
9.3760000000000	-80.787046064990
9.4000000000000	-80.684703003124
9.4240000000000	-80.581082137652
9.4480000000000	-80.476310930055
9.4720000000000	-80.370493022910
9.4960000000000	-80.263710179873
9.5200000000000	-80.156047094556
9.5440000000000	-80.047622103244
9.5680000000000	-79.938603651458
9.5920000000000	-79.829201663591
9.6160000000000	-79.719638629562
9.6400000000000	-79.610117421853
9.6640000000000	-79.500804241640
9.6880000000000	-79.391835213950
9.7120000000000	-79.283340439012
9.7360000000000	-79.175468881078
9.7600000000000	-79.068397526992
9.7840000000000	-78.962318389194
9.8080000000000	-78.857410652203
9.8320000000000	-78.753814106318
9.8560000000000	-78.651618785360
9.8800000000000	-78.550875522210
9.9040000000000	-78.451619424900
9.9280000000000	-78.353890811048
9.9520000000000	-78.257740267932
9.9760000000000	-78.163214661147
10.000000000000	-78.070332720659
10.024000000000	-77.979065097670
10.048000000000	-77.889330877586
10.072000000000	-77.801012460843
10.096000000000	-77.713979751050
10.120000000000	-77.628109368166
10.144000000000	-77.543288163024
10.168000000000	-77.459400299447
10.192000000000	-77.376307381388
10.216000000000	-77.293835312600
10.240000000000	-77.211777341094
10.264000000000	-77.129912801033
10.288000000000	-77.048031578267
10.312000000000	-76.965951070808
10.336000000000	-76.883517279127
10.360000000000	-76.800591529201
10.384000000000	-76.717033060171
10.408000000000	-76.632689954958
10.432000000000	-76.547405395969
10.456000000000	-76.461036513187
10.480000000000	-76.373475213757
10.504000000000	-76.284659162603
10.528000000000	-76.194567159057
10.552000000000	-76.103202642292
10.576000000000	-76.010576037627
10.600000000000	-75.916696882692
10.624000000000	-75.821580171382
10.648000000000	-75.725262294308
10.672000000000	-75.627815976624
10.696000000000	-75.529354321362
10.720000000000	-75.430020855293
10.744000000000	-75.329971008615
10.768000000000	-75.229355446792
10.792000000000	-75.128314156949
10.816000000000	-75.026983295970
10.840000000000	-74.925508909213
10.864000000000	-74.824057577493
10.888000000000	-74.722816198942
10.912000000000	-74.621979961244
10.936000000000	-74.521734788509
10.960000000000	-74.422243743230
10.984000000000	-74.323644213414
11.008000000000	-74.226056010399
11.032000000000	-74.129593929972
11.056000000000	-74.034375861572
11.080000000000	-73.940520541661
11.104000000000	-73.848135561063
11.128000000000	-73.757302215623
11.152000000000	-73.668065637568
11.176000000000	-73.580435360347
11.200000000000	-73.494395170093
11.224000000000	-73.409915656078
11.248000000000	-73.326961551414
11.272000000000	-73.245489459017
11.296000000000	-73.165437666071
11.320000000000	-73.086714714206
11.344000000000	-73.009194229692
11.368000000000	-72.932719796914
11.392000000000	-72.857117708341
11.416000000000	-72.782210880819
11.440000000000	-72.707826819655
11.464000000000	-72.633796421663
11.488000000000	-72.559946190209
11.512000000000	-72.486090533097
11.536000000000	-72.412030745078
11.560000000000	-72.337563135649
11.584000000000	-72.262493132348
11.608000000000	-72.186648534192
11.632000000000	-72.109885626239
11.656000000000	-72.032086214599
11.680000000000	-71.953149080639
11.704000000000	-71.872982524911
11.728000000000	-71.791503662018
11.752000000000	-71.708645631347
11.776000000000	-71.624368737748
11.800000000000	-71.538668921670
11.824000000000	-71.451578454544
11.848000000000	-71.363158372394
11.872000000000	-71.273486999279
11.896000000000	-71.182650993096
11.920000000000	-71.090743454694
11.944000000000	-70.997869033952
11.968000000000	-70.904151536963
11.992000000000	-70.809737998561
12.016000000000	-70.714795406005
12.040000000000	-70.619500785790
12.064000000000	-70.524029365750
12.088000000000	-70.428546567279
12.112000000000	-70.333207110810
12.136000000000	-70.238160130933
12.160000000000	-70.143555612388
12.184000000000	-70.049546827324
12.208000000000	-69.956286078521
12.232000000000	-69.863915252310
12.256000000000	-69.772555871314
12.280000000000	-69.682303609449
12.304000000000	-69.593229502717
12.328000000000	-69.505386085668
12.352000000000	-69.418813853835
12.376000000000	-69.333543478066
12.400000000000	-69.249591997951
12.424000000000	-69.166955047332
12.448000000000	-69.085599683989
12.472000000000	-69.005462114210
12.496000000000	-68.926451745514
12.520000000000	-68.848459338856
12.544000000000	-68.771364788644
12.568000000000	-68.695040564612
12.592000000000	-68.619349751388
12.616000000000	-68.544141120497
12.640000000000	-68.469245628043
12.664000000000	-68.394477974729
12.688000000000	-68.319643882569
12.712000000000	-68.244550370843
12.736000000000	-68.169014606255
12.760000000000	-68.092867877222
12.784000000000	-68.015954270221
12.808000000000	-67.938126828067
12.832000000000	-67.859245381529
12.856000000000	-67.779179024964
12.880000000000	-67.697813139788
12.904000000000	-67.615057868949
12.928000000000	-67.530853860324
12.952000000000	-67.445172575103
12.976000000000	-67.358011559739
13.000000000000	-67.269387880712
13.024000000000	-67.179333711007
13.048000000000	-67.087896394899
13.072000000000	-66.995142278386
13.096000000000	-66.901161074994
13.120000000000	-66.806067078640
13.144000000000	-66.709995376452
13.168000000000	-66.613094177563
13.192000000000	-66.515516619964
13.216000000000	-66.417415590730
13.240000000000	-66.318943139193
13.264000000000	-66.220253220471
13.288000000000	-66.121504526057
13.312000000000	-66.022860216493
13.336000000000	-65.924483376786
13.360000000000	-65.826529698224
13.384000000000	-65.729140605466
13.408000000000	-65.632439781019
13.432000000000	-65.536534001915
13.456000000000	-65.441516668922
13.480000000000	-65.347470916739
13.504000000000	-65.254469617760
13.528000000000	-65.162571632277
13.552000000000	-65.071816050224
13.576000000000	-64.982217468068
13.600000000000	-64.893764793945
13.624000000000	-64.806424045999
13.648000000000	-64.720143352650
13.672000000000	-64.634857239459
13.696000000000	-64.550487949702
13.720000000000	-64.466943562755
13.744000000000	-64.384114805835
13.768000000000	-64.301873410319
13.792000000000	-64.220074080809
13.816000000000	-64.138560115764
13.840000000000	-64.057170678978
13.864000000000	-63.975746897606
13.888000000000	-63.894134830667
13.912000000000	-63.812185358667
13.936000000000	-63.729752953462
13.960000000000	-63.646695936294
13.984000000000	-63.562879840886
14.008000000000	-63.478183491031
14.032000000000	-63.392505614755
14.056000000000	-63.305769338922
14.080000000000	-63.217923017859
14.104000000000	-63.128937854649
14.128000000000	-63.038804445923
14.152000000000	-62.947530715018
14.176000000000	-62.855142523244
14.200000000000	-62.761686317299
14.224000000000	-62.667231681961
14.248000000000	-62.571871526189
14.272000000000	-62.475718901875
14.296000000000	-62.378901339135
14.320000000000	-62.281554924387
14.344000000000	-62.183820346528
14.368000000000	-62.085841824118
14.392000000000	-61.987768026640
14.416000000000	-61.889752912248
14.440000000000	-61.791954523120
14.464000000000	-61.694531099172
14.488000000000	-61.597635562325
14.512000000000	-61.501410455380
14.536000000000	-61.405985184493
14.560000000000	-61.311476081737
14.584000000000	-61.217988197589
14.608000000000	-61.125616819771
14.632000000000	-61.034447024335
14.656000000000	-60.944550884180
14.680000000000	-60.855983478171
14.704000000000	-60.768779649752
14.728000000000	-60.682953091712
14.752000000000	-60.598498030585
14.776000000000	-60.515392347019
14.800000000000	-60.433600259184
14.824000000000	-60.353073126936
14.848000000000	-60.273748229709
14.872000000000	-60.195546742862
14.896000000000	-60.118372762131
14.920000000000	-60.042114737279
14.944000000000	-59.966649376670
14.968000000000	-59.891846757438
14.992000000000	-59.817574811528
15.016000000000	-59.743701880935
15.040000000000	-59.670097314955
15.064000000000	-59.596631335732
15.088000000000	-59.523175866505
15.112000000000	-59.449607420794
15.136000000000	-59.375811856473
15.160000000000	-59.301689592056
15.184000000000	-59.227159491683
15.208000000000	-59.152160281624
15.232000000000	-59.076649662508
15.256000000000	-59.000602441387
15.280000000000	-58.924009334269
15.304000000000	-58.846877404184
15.328000000000	-58.769231837898
15.352000000000	-58.691117704774
15.376000000000	-58.612600129338
15.400000000000	-58.533762067683
15.424000000000	-58.454700140582
15.448000000000	-58.375519977807
15.472000000000	-58.296332672223
15.496000000000	-58.217253157568
15.520000000000	-58.138400098057
15.544000000000	-58.059895953476
15.568000000000	-57.981865807189
15.592000000000	-57.904434343396
15.616000000000	-57.827721535564
15.640000000000	-57.751838444963
15.664000000000	-57.676884527588
15.688000000000	-57.602947020537
15.712000000000	-57.530101830359
15.736000000000	-57.458414564589
15.760000000000	-57.387940392692
15.784000000000	-57.318722253545
15.808000000000	-57.250788035614
15.832000000000	-57.184148077444
15.856000000000	-57.118794244504
15.880000000000	-57.054700998750
15.904000000000	-56.991827799548
15.928000000000	-56.930121505189
15.952000000000	-56.869517580090
15.976000000000	-56.809939766320
16.000000000000	-56.751298933527
16.024000000000	-56.693492444564
16.048000000000	-56.636405192455
16.072000000000	-56.579912587530
16.096000000000	-56.523884726535
16.120000000000	-56.468190382757
16.144000000000	-56.412699667762
16.168000000000	-56.357285097125
16.192000000000	-56.301821807648
16.216000000000	-56.246188205808
16.240000000000	-56.190268052901
16.264000000000	-56.133954076004
16.288000000000	-56.077152188551
16.312000000000	-56.019784918105
16.336000000000	-55.961792966760
16.360000000000	-55.903134775440
16.384000000000	-55.843784958764
16.408000000000	-55.783732926741
16.432000000000	-55.722982651563
16.456000000000	-55.661553600889
16.480000000000	-55.599481921036
16.504000000000	-55.536820589017
16.528000000000	-55.473637684499
16.552000000000	-55.410012900491
16.576000000000	-55.346033330884
16.600000000000	-55.281789892801
16.624000000000	-55.217375275894
16.648000000000	-55.152883346731
16.672000000000	-55.088409056723
16.696000000000	-55.024047631463
16.720000000000	-54.959892310482
16.744000000000	-54.896030853134
16.768000000000	-54.832541852642
16.792000000000	-54.769492108906
16.816000000000	-54.706935779527
16.840000000000	-54.644915079233
16.864000000000	-54.583461498834
16.888000000000	-54.522596339447
16.912000000000	-54.462329903178
16.936000000000	-54.402659614715
16.960000000000	-54.343568108357
16.984000000000	-54.285022449342
17.008000000000	-54.226975091611
17.032000000000	-54.169366249901
17.056000000000	-54.112126636538
17.080000000000	-54.055179415820
17.104000000000	-53.998440815272
17.128000000000	-53.941819747712
17.152000000000	-53.885217489954
17.176000000000	-53.828528517499
17.200000000000	-53.771642978119
17.224000000000	-53.714450370779
17.248000000000	-53.656843328705
17.272000000000	-53.598720383964
17.296000000000	-53.539987223393
17.320000000000	-53.480556846144
17.344000000000	-53.420349655596
17.368000000000	-53.359294487100
17.392000000000	-53.297330909185
17.416000000000	-53.234412243616
17.440000000000	-53.170508171183
17.464000000000	-53.105605876724
17.488000000000	-53.039709387752
17.512000000000	-52.972837655054
17.536000000000	-52.905022475868
17.560000000000	-52.836307246302
17.584000000000	-52.766746829351
17.608000000000	-52.696407970749
17.632000000000	-52.625369207658
17.656000000000	-52.553719388725
17.680000000000	-52.481554651110
17.704000000000	-52.408974540499
17.728000000000	-52.336078410099
17.752000000000	-52.262963029366
17.776000000000	-52.189721602698
17.800000000000	-52.116443584441
17.824000000000	-52.043214263952
17.848000000000	-51.970113322030
17.872000000000	-51.897212280821
17.896000000000	-51.824571544562
17.920000000000	-51.752238092509
17.944000000000	-51.680244623218
17.968000000000	-51.608610221631
17.992000000000	-51.537341862720
18.016000000000	-51.466435726799
18.040000000000	-51.395877577596
18.064000000000	-51.325642173250
18.088000000000	-51.255692409414
18.112000000000	-51.185979196815
18.136000000000	-51.116442773689
18.160000000000	-51.047015427702
18.184000000000	-50.977624884259
18.208000000000	-50.908197332673
18.232000000000	-50.838659373542
18.256000000000	-50.768938888390
18.280000000000	-50.698965524546
18.304000000000	-50.628671740302
18.328000000000	-50.557995018017
18.352000000000	-50.486881128782
18.376000000000	-50.415287654159
18.400000000000	-50.343186742009
18.424000000000	-50.270566428980
18.448000000000	-50.197430588189
18.472000000000	-50.123798224986
18.496000000000	-50.049703055059
18.520000000000	-49.975193939623
18.544000000000	-49.900336045418
18.568000000000	-49.825211970930
18.592000000000	-49.749921910775
18.616000000000	-49.674582318570
18.640000000000	-49.599323243605
18.664000000000	-49.524285135770
18.688000000000	-49.449616075360
18.712000000000	-49.375470002157
18.736000000000	-49.302005825403
18.760000000000	-49.229386705277
18.784000000000	-49.157778653233
18.808000000000	-49.087347980946
18.832000000000	-49.018257804255
18.856000000000	-48.950664379320
18.880000000000	-48.884714180724
18.904000000000	-48.820542253085
18.928000000000	-48.758271704660
18.952000000000	-48.698013651246
18.976000000000	-48.639866784436
19.000000000000	-48.583916101727
19.024000000000	-48.530230979704
19.048000000000	-48.478863317779
19.072000000000	-48.429846610888
19.096000000000	-48.383196449813
19.120000000000	-48.338912305838
19.144000000000	-48.296979902185
19.168000000000	-48.257373324777
19.192000000000	-48.220056360714
19.216000000000	-48.184983173794
19.240000000000	-48.152098966673
19.264000000000	-48.121341419646
19.288000000000	-48.092643349026
19.312000000000	-48.065936389506
19.336000000000	-48.041154941580
19.360000000000	-48.018239462963
19.384000000000	-47.997138517828
19.408000000000	-47.977809637924
19.432000000000	-47.960219625894
19.456000000000	-47.944345110164
19.480000000000	-47.930173840143
19.504000000000	-47.917706579674
19.528000000000	-47.906958888722
19.552000000000	-47.897961917777
19.576000000000	-47.890761683923
19.600000000000	-47.885416961659
19.624000000000	-47.881996526152
19.648000000000	-47.880576682811
19.672000000000	-47.881239690422
19.696000000000	-47.884073023956
19.720000000000	-47.889168811341
19.744000000000	-47.896622573296
19.768000000000	-47.906530719600
19.792000000000	-47.918986923693
19.816000000000	-47.934078122353
19.840000000000	-47.951881101352
19.864000000000	-47.972460299627
19.888000000000	-47.995866776253
19.912000000000	-48.022137632043
19.936000000000	-48.051294943034
19.960000000000	-48.083343593067
19.984000000000	-48.118268109023
20.008000000000	-48.156029298988
20.032000000000	-48.196561767732
20.056000000000	-48.239773069160
20.080000000000	-48.285544524480
20.104000000000	-48.333733006453
20.128000000000	-48.384172691890
20.152000000000	-48.436676102821
20.176000000000	-48.491034518975
20.200000000000	-48.547018607313
20.224000000000	-48.604380415112
20.248000000000	-48.662857500140
20.272000000000	-48.722179101356
20.296000000000	-48.782073363043
20.320000000000	-48.842274223361
20.344000000000	-48.902526905979
20.368000000000	-48.962591829424
20.392000000000	-49.022247660271
20.416000000000	-49.081294632921
20.440000000000	-49.139558883372
20.464000000000	-49.196897601136
20.488000000000	-49.253203853911
20.512000000000	-49.308409576981
20.536000000000	-49.362485708807
20.560000000000	-49.415439557305
20.584000000000	-49.467310579844
20.608000000000	-49.518166216242
20.632000000000	-49.568098955330
20.656000000000	-49.617224708903
20.680000000000	-49.665681471577
20.704000000000	-49.713626824641
20.728000000000	-49.761233363925
20.752000000000	-49.808682297561
20.776000000000	-49.856156572437
20.800000000000	-49.903835265045
20.824000000000	-49.951890354812
20.848000000000	-50.000485716894
20.872000000000	-50.049776962328
20.896000000000	-50.099910327017
20.920000000000	-50.151019430648
20.944000000000	-50.203220042506
20.968000000000	-50.256604236240
20.992000000000	-50.311235752253
21.016000000000	-50.367147745064
21.040000000000	-50.424342742617
21.064000000000	-50.482793388415
21.088000000000	-50.542442147363
21.112000000000	-50.603198912220
21.136000000000	-50.664936954519
21.160000000000	-50.727489062129
21.184000000000	-50.790646164848
21.208000000000	-50.854159960763
21.232000000000	-50.917749433784
21.256000000000	-50.981109613114
21.280000000000	-51.043920358899
21.304000000000	-51.105853695642
21.328000000000	-51.166579804778
21.352000000000	-51.225773238978
21.376000000000	-51.283121284953
21.400000000000	-51.338335360686
21.424000000000	-51.391164429768
21.448000000000	-51.441407765659
21.472000000000	-51.488924033998
21.496000000000	-51.533634888245
21.520000000000	-51.575523451170
21.544000000000	-51.614629945938
21.568000000000	-51.651047254531
21.592000000000	-51.684918044701
21.616000000000	-51.716433049729
21.640000000000	-51.745828408997
21.664000000000	-51.773379760530
21.688000000000	-51.799392204940
21.712000000000	-51.824187496622
21.736000000000	-51.848091501067
21.760000000000	-51.871425027043
21.784000000000	-51.894499491307
21.808000000000	-51.917616422875
21.832000000000	-51.941067973751
21.856000000000	-51.965135434982
21.880000000000	-51.990084340354
21.904000000000	-52.016157117375
21.928000000000	-52.043565983928
21.952000000000	-52.072488829255
21.976000000000	-52.103069105804
22.000000000000	-52.135418289700
22.024000000000	-52.169617714412
22.048000000000	-52.205716632720
22.072000000000	-52.243725271463
22.096000000000	-52.283604379766
22.120000000000	-52.325254798274
22.144000000000	-52.368510744580
22.168000000000	-52.413138735425
22.192000000000	-52.458841401063
22.216000000000	-52.505263481510
22.240000000000	-52.551997226295
22.264000000000	-52.598586322441
22.288000000000	-52.644530204873
22.312000000000	-52.689292427240
22.336000000000	-52.732316390071
22.360000000000	-52.773049088890
22.384000000000	-52.810969971985
22.408000000000	-52.845619457580
22.432000000000	-52.876621631331
22.456000000000	-52.903698191489
22.480000000000	-52.926674379267
22.504000000000	-52.945480295531
22.528000000000	-52.960151152006
22.552000000000	-52.970827699312
22.576000000000	-52.977754935218
22.600000000000	-52.981275395266
22.624000000000	-52.981814210801
22.648000000000	-52.979856333025
22.672000000000	-52.975920001699
22.696000000000	-52.970532451122
22.720000000000	-52.964212770923
22.744000000000	-52.957463315205
22.768000000000	-52.950767062707
22.792000000000	-52.944586115701
22.816000000000	-52.939357266413
22.840000000000	-52.935483691757
22.864000000000	-52.933325398754
22.888000000000	-52.933192841671
22.912000000000	-52.935347033889
22.936000000000	-52.940006068816
22.960000000000	-52.947354209453
22.984000000000	-52.957547811578
23.008000000000	-52.970713479235
23.032000000000	-52.986937455941
23.056000000000	-53.006249352605
23.080000000000	-53.028605638973
23.104000000000	-53.053877639925
23.128000000000	-53.081845596392
23.152000000000	-53.112196663879
23.176000000000	-53.144522857320
23.200000000000	-53.178316208462
23.224000000000	-53.212962233048
23.248000000000	-53.247737032849
23.272000000000	-53.281815356951
23.296000000000	-53.314295154665
23.320000000000	-53.344239054135
23.344000000000	-53.370727194379
23.368000000000	-53.392911976637
23.392000000000	-53.410065557654
23.416000000000	-53.421614964897
23.440000000000	-53.427165069579
23.464000000000	-53.426513104783
23.488000000000	-53.419658066498
23.512000000000	-53.406804836687
23.536000000000	-53.388359024946
23.560000000000	-53.364907463626
23.584000000000	-53.337182357701
23.608000000000	-53.306012889720
23.632000000000	-53.272273299140
23.656000000000	-53.236837938555
23.680000000000	-53.200550526309
23.704000000000	-53.164208483903
23.728000000000	-53.128557289483
23.752000000000	-53.094287310808
23.776000000000	-53.062027643633
23.800000000000	-53.032336516992
23.824000000000	-53.005692646336
23.848000000000	-52.982493562487
23.872000000000	-52.963064373031
23.896000000000	-52.947675046151
23.920000000000	-52.936559198160
23.944000000000	-52.929925462563
23.968000000000	-52.927954996659
23.992000000000	-52.930784278391
24.016000000000	-52.938478071562
24.040000000000	-52.951000276413
24.064000000000	-52.968189016536
24.088000000000	-52.989737877773
24.112000000000	-53.015180665736
24.136000000000	-53.043875482837
24.160000000000	-53.074986771289
24.184000000000	-53.107470029418
24.208000000000	-53.140069827875
24.232000000000	-53.171343717094
24.256000000000	-53.199720460143
24.280000000000	-53.223591619573
24.304000000000	-53.241424665140
24.328000000000	-53.251878410352
24.352000000000	-53.253901225605
24.376000000000	-53.246799060777
24.400000000000	-53.230270101074
24.424000000000	-53.204410634517
24.448000000000	-53.169698948668
24.472000000000	-53.126961229976
24.496000000000	-53.077319331163
24.520000000000	-53.022119262516
24.544000000000	-52.962843126635
24.568000000000	-52.901013920360
24.592000000000	-52.838107775355
24.616000000000	-52.775488013697
24.640000000000	-52.714369129082
24.664000000000	-52.655809234560
24.688000000000	-52.600721258772
24.712000000000	-52.549890088882
24.736000000000	-52.503985999386
24.760000000000	-52.463571832750
24.784000000000	-52.429108276595
24.808000000000	-52.400964304624
24.832000000000	-52.379436920257
24.856000000000	-52.364777434707
24.880000000000	-52.357214521906
24.904000000000	-52.356961237075
24.928000000000	-52.364196046184
24.952000000000	-52.379015589100
24.976000000000	-52.401365838947
25.000000000000	-52.430964498625
