#Parameters = {L=4; c=300000000; f=12.5; g=0.48; lam=24; r=0.24}
#"Frequency / GHz"	"S1,1[1,0],[12.5] (3) [Magnitude]"
#----------------------------------------------------
1.0000000000000	0.99411325587789
1.0240000486374	0.99443858751120
1.0479999780655	0.99475914436979
1.0720000267029	0.99507454442484
1.0959999561310	0.99538410625415
1.1200000047684	0.99568738500382
1.1440000534058	0.99598363640105
1.1679999828339	0.99627241228248
1.1920000314713	0.99655332213825
1.2159999608994	0.99682585396912
1.2400000095367	0.99708949443804
1.2640000581741	0.99734372585106
1.2879999876022	0.99758838800497
1.3120000362396	0.99782283937720
1.3359999656677	0.99804673558572
1.3600000143051	0.99825978815293
1.3839999437332	0.99846170505256
1.4079999923706	0.99865195437584
1.4320000410080	0.99883059690118
1.4559999704361	0.99899709398281
1.4800000190735	0.99915138104876
1.5039999485016	0.99929321136071
1.5279999971390	0.99942245514102
1.5520000457764	0.99953880034347
1.5759999752045	0.99964234849021
1.6000000238419	0.99973272217882
1.6239999532700	0.99981019634607
1.6480000019073	0.99987438741670
1.6720000505447	0.99992544597365
1.6959999799728	0.99996339787010
1.7200000286102	0.99998821195160
1.7439999580383	0.99999996963753
1.7680000066757	0.99999880983546
1.7920000553131	0.99998469166648
1.8159999847412	0.99995792824002
1.8400000333786	0.99991847412989
1.8639999628067	0.99986675897801
1.8880000114441	0.99980273255075
1.9119999408722	0.99972670253018
1.9359999895096	0.99963903014511
1.9600000381470	0.99953990602910
1.9839999675751	0.99942944946496
2.0079998970032	0.99930826083741
2.0320000648499	0.99917640546628
2.0559999942780	0.99903448081321
2.0799999237061	0.99888266709072
2.1040000915527	0.99872126520395
2.1280000209808	0.99855075636277
2.1519999504089	0.99837179579092
2.1760001182556	0.99818438849185
2.2000000476837	0.99798925400272
2.2239999771118	0.99778663703452
2.2479999065399	0.99757713468049
2.2720000743866	0.99736099634532
2.2960000038147	0.99713906630756
2.3199999332428	0.99691158905514
2.3440001010895	0.99667893626153
2.3680000305176	0.99644183659566
2.3919999599457	0.99620066602288
2.4159998893738	0.99595579666121
2.4400000572205	0.99570796662053
2.4639999866486	0.99545767681649
2.4879999160767	0.99520524733298
2.5120000839233	0.99495124623595
2.5360000133514	0.99469629890720
2.5599999427795	0.99444074012436
2.5840001106262	0.99418508145502
2.6080000400543	0.99392995902866
2.6319999694824	0.99367571652609
2.6559998989105	0.99342275523817
2.6800000667572	0.99317190169353
2.7039999961853	0.99292314817256
2.7279999256134	0.99267720702350
2.7520000934601	0.99243455632611
2.7760000228882	0.99219549587628
2.7999999523163	0.99196039002626
2.8239998817444	0.99173002214961
2.8480000495911	0.99150438277388
2.8719999790192	0.99128403910933
2.8959999084473	0.99106924125497
2.9200000762939	0.99086051127605
2.9440000057220	0.99065801453378
2.9679999351501	0.99046211197271
2.9920001029968	0.99027320303679
3.0160000324249	0.99009142767598
3.0399999618530	0.98991724196082
3.0639998912811	0.98975080120726
3.0880000591278	0.98959220764727
3.1119999885559	0.98944180528946
3.1359999179840	0.98929987576638
3.1600000858307	0.98916641222606
3.1840000152588	0.98904164491219
3.2079999446869	0.98892586078953
3.2320001125336	0.98881881825552
3.2560000419617	0.98872092925668
3.2799999713898	0.98863225655412
3.3039999008179	0.98855267739696
3.3280000686646	0.98848231472985
3.3519999980927	0.98842122795732
3.3759999275208	0.98836948394959
3.4000000953674	0.98832672562017
3.4240000247955	0.98829337714915
3.4479999542236	0.98826908844534
3.4719998836517	0.98825398735871
3.4960000514984	0.98824771856012
3.5199999809265	0.98825041069740
3.5439999103546	0.98826177239064
3.5680000782013	0.98828181717951
3.5920000076294	0.98831018702380
3.6159999370575	0.98834701630470
3.6400001049042	0.98839177491710
3.6640000343323	0.98844434701052
3.6879999637604	0.98850468131723
3.7119998931885	0.98857248990569
3.7360000610352	0.98864735517435
3.7599999904633	0.98872922769458
3.7839999198914	0.98881768797277
3.8080000877380	0.98891262352477
3.8320000171661	0.98901362406193
3.8559999465942	0.98912032142330
3.8800001144409	0.98923259997148
3.9040000438690	0.98934986724485
3.9279999732971	0.98947210939854
3.9519999027252	0.98959890817765
3.9760000705719	0.98972984649591
4.0000000000000	0.98986460263783
4.0240001678467	0.99000276144342
4.0479998588562	0.99014406882494
4.0720000267029	0.99028821260460
4.0960001945496	0.99043487657069
4.1199998855591	0.99058350510843
4.1440000534058	0.99073378341986
4.1680002212524	0.99088562765893
4.1919999122620	0.99103829054748
4.2160000801086	0.99119157658113
4.2399997711182	0.99134521212575
4.2639999389648	0.99149874751748
4.2880001068115	0.99165197344606
4.3119997978210	0.99180436686074
4.3359999656677	0.99195566268448
4.3600001335144	0.99210545041445
4.3839998245239	0.99225356189193
4.4079999923706	0.99239948715646
4.4320001602173	0.99254316745881
4.4559998512268	0.99268395434737
4.4800000190735	0.99282173770340
4.5040001869202	0.99295633506109
4.5279998779297	0.99308720626566
4.5520000457764	0.99321423999513
4.5760002136230	0.99333711871506
4.5999999046326	0.99345560458202
4.6240000724792	0.99356956811122
4.6479997634888	0.99367838831444
4.6719999313354	0.99378218505021
4.6960000991821	0.99388074537720
4.7199997901917	0.99397381644294
4.7439999580383	0.99406108038498
4.7680001258850	0.99414238523113
4.7919998168945	0.99421770625254
4.8159999847412	0.99428678380037
4.8400001525879	0.99434945065424
4.8639998435974	0.99440568142780
4.8880000114441	0.99445532389646
4.9120001792908	0.99449828300634
4.9359998703003	0.99453438895717
4.9600000381470	0.99456355297436
4.9840002059937	0.99458590938396
5.0079998970032	0.99460111820669
5.0320000648499	0.99460942128401
5.0560002326965	0.99461060782516
5.0799999237061	0.99460462206252
5.1040000915527	0.99459178131934
5.1279997825623	0.99457185828596
5.1519999504089	0.99454461475177
5.1760001182556	0.99451055114186
5.1999998092651	0.99446954909285
5.2239999771118	0.99442156310912
5.2480001449585	0.99436685029417
5.2719998359680	0.99430533301895
5.2960000038147	0.99423711414297
5.3200001716614	0.99416236556060
5.3439998626709	0.99408115797833
5.3680000305176	0.99399374177505
5.3920001983643	0.99390013723975
5.4159998893738	0.99380035007668
5.4400000572205	0.99369475333208
5.4640002250671	0.99358336055173
5.4879999160767	0.99346656327605
5.5120000839233	0.99334411696722
5.5359997749329	0.99321659203750
5.5599999427795	0.99308419647583
5.5840001106262	0.99294682326608
5.6079998016357	0.99280479814889
5.6319999694824	0.99265844965784
5.6560001373291	0.99250792489600
5.6799998283386	0.99235332701773
5.7039999961853	0.99219504058657
5.7280001640320	0.99203316049556
5.7519998550415	0.99186802697359
5.7760000228882	0.99169968745833
5.8000001907349	0.99152867332767
5.8239998817444	0.99135489756327
5.8480000495911	0.99117877558541
5.8720002174377	0.99100059981059
5.8959999084473	0.99082050864704
5.9200000762939	0.99063870270121
5.9439997673035	0.99045547403125
5.9679999351501	0.99027108068799
5.9920001029968	0.99008582322421
6.0159997940063	0.98989979477779
6.0399999618530	0.98971314290419
6.0640001296997	0.98952626147761
6.0879998207092	0.98933935673994
6.1119999885559	0.98915267699769
6.1360001564026	0.98896634637731
6.1599998474121	0.98878052480620
6.1840000152588	0.98859559952526
6.2080001831055	0.98841165694913
6.2319998741150	0.98822879216284
6.2560000419617	0.98804737109792
6.2800002098083	0.98786754779170
6.3039999008179	0.98768946089015
6.3280000686646	0.98751325793141
6.3520002365112	0.98733907966625
6.3759999275208	0.98716721476013
6.4000000953674	0.98699757754658
6.4239997863770	0.98683045045063
6.4479999542236	0.98666592185098
6.4720001220703	0.98650418734106
6.4959998130798	0.98634530382084
6.5199999809265	0.98618926658242
6.5440001487732	0.98603633222711
6.5679998397827	0.98588648696920
6.5920000076294	0.98573978747355
6.6160001754761	0.98559627482989
6.6399998664856	0.98545613622860
6.6640000343323	0.98531936739199
6.6880002021790	0.98518586467949
6.7119998931885	0.98505574979267
6.7360000610352	0.98492897891040
6.7600002288818	0.98480577264529
6.7839999198914	0.98468575789211
6.8080000877380	0.98456920617859
6.8319997787476	0.98445599293114
6.8559999465942	0.98434593873507
6.8800001144409	0.98423928304129
6.9039998054504	0.98413575448043
6.9279999732971	0.98403538707744
6.9520001411438	0.98393801839118
6.9759998321533	0.98384355260077
7.0000000000000	0.98375202836270
7.0240001678467	0.98366315585083
7.0479998588562	0.98357701417969
7.0720000267029	0.98349334502556
7.0960001945496	0.98341200464298
7.1199998855591	0.98333292637112
7.1440000534058	0.98325591317365
7.1680002212524	0.98318081632737
7.1919999122620	0.98310754481270
7.2160000801086	0.98303587899590
7.2399997711182	0.98296558919152
7.2639999389648	0.98289653255844
7.2880001068115	0.98282856770755
7.3119997978210	0.98276145227941
7.3359999656677	0.98269492213414
7.3600001335144	0.98262893610753
7.3839998245239	0.98256332856228
7.4079999923706	0.98249747625680
7.4320001602173	0.98243159835558
7.4559998512268	0.98236531345719
7.4800000190735	0.98229834384060
7.5040001869202	0.98223052966831
7.5279998779297	0.98216161078759
7.5520000457764	0.98209134296121
7.5760002136230	0.98201948271111
7.5999999046326	0.98194594086284
7.6240000724792	0.98187030858311
7.6479997634888	0.98179236942422
7.6719999313354	0.98171202650437
7.6960000991821	0.98162887379351
7.7199997901917	0.98154266465450
7.7439999580383	0.98145332610080
7.7680001258850	0.98136048880403
7.7919998168945	0.98126386262677
7.8159999847412	0.98116347833770
7.8400001525879	0.98105886789796
7.8639998435974	0.98094988588497
7.8880000114441	0.98083629855344
7.9120001792908	0.98071789420462
7.9359998703003	0.98059443962505
7.9600000381470	0.98046566797977
7.9840002059937	0.98033140187285
8.0080003738403	0.98019149568090
8.0319995880127	0.98004563943225
8.0559997558594	0.97989376483269
8.0799999237061	0.97973555089448
8.1040000915527	0.97957083931017
8.1280002593994	0.97939960670179
8.1520004272461	0.97922149727388
8.1759996414185	0.97903641757166
8.1999998092651	0.97884407744528
8.2239999771118	0.97864445291226
8.2480001449585	0.97843742516513
8.2720003128052	0.97822269107187
8.2959995269775	0.97800026811554
8.3199996948242	0.97776988317682
8.3439998626709	0.97753143783190
8.3680000305176	0.97728487524402
8.3920001983643	0.97703022258374
8.4160003662109	0.97676698581666
8.4399995803833	0.97649537877815
8.4639997482300	0.97621523726803
8.4879999160767	0.97592656882096
8.5120000839233	0.97562905702732
8.5360002517700	0.97532280872568
8.5600004196167	0.97500752652544
8.5839996337891	0.97468362713689
8.6079998016357	0.97435058305617
8.6319999694824	0.97400864683280
8.6560001373291	0.97365762599427
8.6800003051758	0.97329767587168
8.7040004730225	0.97292858963247
8.7279996871948	0.97255026555135
8.7519998550415	0.97216288409166
8.7760000228882	0.97176644917994
8.8000001907349	0.97136077829290
8.8240003585815	0.97094616701610
8.8479995727539	0.97052225800510
8.8719997406006	0.97008939933697
8.8959999084473	0.96964735204224
8.9200000762939	0.96919640948586
8.9440002441406	0.96873639866625
8.9680004119873	0.96826741173815
8.9919996261597	0.96778948862813
9.0159997940063	0.96730273197313
9.0399999618530	0.96680702458006
9.0640001296997	0.96630273470889
9.0880002975464	0.96578950174171
9.1120004653931	0.96526771232025
9.1359996795654	0.96473722734847
9.1599998474121	0.96419814025667
9.1840000152588	0.96365061070827
9.2080001831055	0.96309449907966
9.2320003509521	0.96253011085008
9.2559995651245	0.96195736822564
9.2799997329712	0.96137636044047
9.3039999008179	0.96078712092586
9.3280000686646	0.96018979447075
9.3520002365112	0.95958441940849
9.3760004043579	0.95897084509349
9.3999996185303	0.95834950101537
9.4239997863770	0.95772023738810
9.4479999542236	0.95708304069559
9.4720001220703	0.95643804797918
9.4960002899170	0.95578532911664
9.5200004577637	0.95512485896648
9.5439996719360	0.95445663791324
9.5679998397827	0.95378089445532
9.5920000076294	0.95309749813760
9.6160001754761	0.95240646032399
9.6400003433228	0.95170783628634
9.6639995574951	0.95100173885015
9.6879997253418	0.95028804318741
9.7119998931885	0.94956685978878
9.7360000610352	0.94883812443196
9.7600002288818	0.94810174800431
9.7840003967285	0.94735775377260
9.8079996109009	0.94660622452640
9.8319997787476	0.94584702420440
9.8559999465942	0.94508003382031
9.8800001144409	0.94430543351669
9.9040002822876	0.94352288636926
9.9280004501343	0.94273255517047
9.9519996643066	0.94193418603847
9.9759998321533	0.94112781054260
10.000000000000	0.94031331355069
10.024000167847	0.93949046788221
10.048000335693	0.93865921465297
10.071999549866	0.93781944889689
10.095999717712	0.93697100257585
10.119999885559	0.93611359621865
10.144000053406	0.93524744638743
10.168000221252	0.93437220038698
10.192000389099	0.93348732344472
10.215999603271	0.93259305992238
10.239999771118	0.93168903189606
10.263999938965	0.93077508046224
10.288000106812	0.92985094718870
10.312000274658	0.92891633508016
10.336000442505	0.92797084817231
10.359999656677	0.92701461181423
10.383999824524	0.92604701704185
10.407999992371	0.92506798102940
10.432000160217	0.92407697810215
10.456000328064	0.92307381068758
10.479999542236	0.92205834459016
10.503999710083	0.92103009079006
10.527999877930	0.91998854155717
10.552000045776	0.91893347643809
10.576000213623	0.91786459902394
10.600000381470	0.91678138563581
10.623999595642	0.91568374818407
10.647999763489	0.91457095364411
10.671999931335	0.91344255692702
10.696000099182	0.91229844739913
10.720000267029	0.91113804904847
10.744000434875	0.90996092929646
10.767999649048	0.90876651998389
10.791999816895	0.90755455064941
10.815999984741	0.90632445066658
10.840000152588	0.90507581603151
10.864000320435	0.90380815995609
10.887999534607	0.90252088459149
10.911999702454	0.90121356135673
10.935999870300	0.89988584539478
10.960000038147	0.89853685044850
10.984000205994	0.89716637153905
11.008000373840	0.89577384906848
11.031999588013	0.89435868585526
11.055999755859	0.89292033059188
11.079999923706	0.89145831249461
11.104000091553	0.88997209590586
11.128000259399	0.88846109058671
11.152000427246	0.88692478399489
11.175999641418	0.88536255527731
11.199999809265	0.88377386539085
11.223999977112	0.88215841808983
11.248000144958	0.88051516964893
11.272000312805	0.87884382366178
11.295999526978	0.87714384239285
11.319999694824	0.87541467860941
11.343999862671	0.87365561398033
11.368000030518	0.87186639481477
11.392000198364	0.87004600527875
11.416000366211	0.86819431058899
11.439999580383	0.86631045705380
11.463999748230	0.86439408924396
11.487999916077	0.86244442897575
11.512000083923	0.86046128293817
11.536000251770	0.85844369291535
11.560000419617	0.85639140771484
11.583999633789	0.85430378764895
11.607999801636	0.85218036902870
11.631999969482	0.85002037640167
11.656000137329	0.84782351230577
11.680000305176	0.84558925487021
11.704000473022	0.84331708904376
11.727999687195	0.84100636489224
11.751999855042	0.83865675866676
11.776000022888	0.83626774655222
11.800000190735	0.83383872321133
11.824000358582	0.83136933553638
11.847999572754	0.82885913601380
11.871999740601	0.82630748391951
11.895999908447	0.82371414501112
11.920000076294	0.82107872853274
11.944000244141	0.81840053982962
11.968000411987	0.81567934209118
11.991999626160	0.81291474877762
12.015999794006	0.81010629168087
12.039999961853	0.80725360689576
12.064000129700	0.80435635896362
12.088000297546	0.80141419131177
12.112000465393	0.79842682962383
12.135999679565	0.79539361761683
12.159999847412	0.79231479079388
12.184000015259	0.78918951630168
12.208000183105	0.78601782165847
12.232000350952	0.78279927854360
12.255999565125	0.77953383087612
12.279999732971	0.77622091493942
12.303999900818	0.77286048671898
12.328000068665	0.76945234092727
12.352000236511	0.76599631564298
12.376000404358	0.76249206096718
12.399999618530	0.75893955647930
12.423999786377	0.75533864391444
12.447999954224	0.75168909354342
12.472000122070	0.74799081920421
12.496000289917	0.74424373457348
12.520000457764	0.74044765184612
12.543999671936	0.73660266653786
12.567999839783	0.73270866939937
12.592000007629	0.72876562100737
12.616000175476	0.72477335627714
12.640000343323	0.72073206419526
12.663999557495	0.71664164575553
12.687999725342	0.71250212062082
12.711999893188	0.70831378485797
12.736000061035	0.70407633617112
12.760000228882	0.69979006944585
12.784000396729	0.69545507760200
12.807999610901	0.69107138425354
12.831999778748	0.68663908605598
12.855999946594	0.68215863681307
12.880000114441	0.67762986434476
12.904000282288	0.67305310119509
12.928000450134	0.66842863846604
12.951999664307	0.66375652876925
12.975999832153	0.65903722273232
13.000000000000	0.65427064554530
13.024000167847	0.64945746519683
13.048000335693	0.64459767147459
13.071999549866	0.63969178807123
13.095999717712	0.63474006167104
13.119999885559	0.62974284547622
13.144000053406	0.62470041746295
13.168000221252	0.61961330793741
13.192000389099	0.61448186070036
13.215999603271	0.60930644224510
13.239999771118	0.60408756954863
13.263999938965	0.59882566651002
13.288000106812	0.59352115983555
13.312000274658	0.58817464540648
13.336000442505	0.58278645769743
13.359999656677	0.57735720379952
13.383999824524	0.57188753005609
13.407999992371	0.56637784664371
13.432000160217	0.56082877179980
13.456000328064	0.55524089034612
13.479999542236	0.54961489934428
13.503999710083	0.54395122139655
13.527999877930	0.53825061205515
13.552000045776	0.53251371303598
13.576000213623	0.52674125464909
13.600000381470	0.52093393978730
13.623999595642	0.51509224083163
13.647999763489	0.50921708746222
13.671999931335	0.50330919591778
13.696000099182	0.49736926582693
13.720000267029	0.49139807055251
13.744000434875	0.48539637572967
13.767999649048	0.47936504924238
13.791999816895	0.47330481076380
13.815999984741	0.46721665685076
13.840000152588	0.46110121010206
13.864000320435	0.45495948767100
13.887999534607	0.44879227437188
13.911999702454	0.44260059090900
13.935999870300	0.43638519414017
13.960000038147	0.43014708165020
13.984000205994	0.42388733952645
14.008000373840	0.41760668844938
14.031999588013	0.41130626739984
14.055999755859	0.40498704153717
14.079999923706	0.39865003704367
14.104000091553	0.39229627823089
14.128000259399	0.38592680137169
14.152000427246	0.37954272495891
14.175999641418	0.37314517668654
14.199999809265	0.36673520274374
14.223999977112	0.36031401021626
14.248000144958	0.35388277642882
14.272000312805	0.34744264787490
14.295999526978	0.34099490179035
14.319999694824	0.33454079569507
14.343999862671	0.32808164838937
14.368000030518	0.32161870607285
14.392000198364	0.31515340645408
14.416000366211	0.30868714077114
14.439999580383	0.30222131549271
14.463999748230	0.29575749552946
14.487999916077	0.28929718204456
14.512000083923	0.28284199352146
14.536000251770	0.27639360307454
14.560000419617	0.26995378958661
14.583999633789	0.26352432732825
14.607999801636	0.25710708557873
14.631999969482	0.25070414711448
14.656000137329	0.24431755116270
14.680000305176	0.23794956579727
14.704000473022	0.23160254897387
14.727999687195	0.22527900302995
14.751999855042	0.21898161867312
14.776000022888	0.21271324225941
14.800000190735	0.20647699150274
14.824000358582	0.20027620312768
14.847999572754	0.19411450567950
14.871999740601	0.18799584360601
14.895999908447	0.18192451418167
14.920000076294	0.17590527449580
14.944000244141	0.16994334154074
14.968000411987	0.16404451048066
14.991999626160	0.15821521484872
15.015999794006	0.15246257444549
15.039999961853	0.14679466716998
15.064000129700	0.14122047986255
15.088000297546	0.13575014951511
15.112000465393	0.13039512254308
15.135999679565	0.12516832720139
15.159999847412	0.12008438922162
15.184000015259	0.11515980994439
15.208000183105	0.11041324013780
15.232000350952	0.10586560259849
15.255999565125	0.10154035205871
15.279999732971	0.097463395164637
15.303999900818	0.093663205742864
15.328000068665	0.090170389203423
15.352000236511	0.087017273738019
15.376000404358	0.084236876890769
15.399999618530	0.081861784113989
15.423999786377	0.079922351812648
15.447999954224	0.078444807127547
15.472000122070	0.077449234536434
15.496000289917	0.076947727337398
15.520000457764	0.076943202125600
15.543999671936	0.077428822701147
15.567999839783	0.078388488299710
15.592000007629	0.079798089192356
15.616000175476	0.081627297928477
15.640000343323	0.083841710221834
15.663999557495	0.086404850324545
15.687999725342	0.089279919902660
15.711999893188	0.092431168123103
15.736000061035	0.095824882042398
15.760000228882	0.099429890613423
15.784000396729	0.10321789273071
15.807999610901	0.10716344670670
15.831999778748	0.11124396886174
15.855999946594	0.11543944183014
15.880000114441	0.11973224737369
15.904000282288	0.12410694180071
15.928000450134	0.12854993395852
15.951999664307	0.13304933332236
15.975999832153	0.13759468228323
16.000000000000	0.14217683288611
16.024000167847	0.14678766449683
16.048000335693	0.15142011084824
16.072000503540	0.15606786182998
16.096000671387	0.16072536979475
16.120000839233	0.16538769057192
16.143999099731	0.17005044034950
16.167999267578	0.17470974337128
16.191999435425	0.17936206773366
16.215999603271	0.18400435807041
16.239999771118	0.18863377590884
16.263999938965	0.19324783710108
16.288000106812	0.19784427774640
16.312000274658	0.20242106354276
16.336000442505	0.20697641845648
16.360000610352	0.21150864948231
16.384000778198	0.21601630283470
16.408000946045	0.22049798540003
16.431999206543	0.22495254159076
16.455999374390	0.22937886460316
16.479999542236	0.23377594066291
16.503999710083	0.23814292326456
16.527999877930	0.24247902061763
16.552000045776	0.24678349290035
16.576000213623	0.25105569965638
16.600000381470	0.25529507863462
16.624000549316	0.25950113818832
16.648000717163	0.26367341012856
16.672000885010	0.26781152142124
16.695999145508	0.27191510824435
16.719999313354	0.27598388636502
16.743999481201	0.28001759359754
16.767999649048	0.28401604037777
16.791999816895	0.28797908633318
16.815999984741	0.29190652640047
16.840000152588	0.29579834137995
16.864000320435	0.29965443757713
16.888000488281	0.30347481638780
16.912000656128	0.30725939333380
16.936000823975	0.31100826140836
16.959999084473	0.31472141053604
16.983999252319	0.31839901421508
17.007999420166	0.32204111642219
17.031999588013	0.32564786187686
17.055999755859	0.32921932965756
17.079999923706	0.33275576092516
17.104000091553	0.33625728076422
17.128000259399	0.33972416541675
17.152000427246	0.34315659759764
17.176000595093	0.34655482111080
17.200000762939	0.34991904101918
17.224000930786	0.35324954847188
17.247999191284	0.35654666438633
17.271999359131	0.35981060960246
17.295999526978	0.36304175470680
17.319999694824	0.36624036743366
17.343999862671	0.36940685819081
17.368000030518	0.37254145539677
17.392000198364	0.37564460688800
17.416000366211	0.37871660688312
17.440000534058	0.38175781806284
17.464000701904	0.38476867093385
17.488000869751	0.38774954340440
17.511999130249	0.39070075978310
17.535999298096	0.39362269502835
17.559999465942	0.39651584529952
17.583999633789	0.39938057247620
17.607999801636	0.40221724582549
17.631999969482	0.40502634081137
17.656000137329	0.40780823297262
17.680000305176	0.41056327681583
17.704000473022	0.41329200214185
17.728000640869	0.41599477277366
17.752000808716	0.41867203520662
17.775999069214	0.42132413018328
17.799999237061	0.42395155282866
17.823999404907	0.42655465721121
17.847999572754	0.42913389274077
17.871999740601	0.43168970639945
17.895999908447	0.43422244970417
17.920000076294	0.43673258997342
17.944000244141	0.43922053986124
17.968000411987	0.44168661007133
17.992000579834	0.44413120244745
18.016000747681	0.44655479605587
18.040000915527	0.44895780947216
18.063999176025	0.45134049274220
18.087999343872	0.45370328143147
18.111999511719	0.45604658970403
18.135999679565	0.45837070430123
18.159999847412	0.46067604429199
18.184000015259	0.46296294166721
18.208000183105	0.46523170062862
18.232000350952	0.46748263881155
18.256000518799	0.46971621339553
18.280000686646	0.47193263507558
18.304000854492	0.47413225295072
18.327999114990	0.47631534487230
18.351999282837	0.47848221457830
18.375999450684	0.48063309118902
18.399999618530	0.48276835260673
18.423999786377	0.48488820421725
18.447999954224	0.48699289570033
18.472000122070	0.48908262648947
18.496000289917	0.49115772749148
18.520000457764	0.49321842822581
18.544000625610	0.49526483091193
18.568000793457	0.49729723254183
18.591999053955	0.49931581963704
18.615999221802	0.50132075454573
18.639999389648	0.50331214568991
18.663999557495	0.50529031072566
18.687999725342	0.50725535301618
18.711999893188	0.50920729442964
18.736000061035	0.51114641840520
18.760000228882	0.51307270506400
18.784000396729	0.51498643540581
18.808000564575	0.51688758595327
18.832000732422	0.51877639208012
18.856000900269	0.52065281394379
18.879999160767	0.52251688234588
18.903999328613	0.52436887549772
18.927999496460	0.52620860355688
18.951999664307	0.52803629530429
18.975999832153	0.52985190506463
19.000000000000	0.53165555352351
19.024000167847	0.53344720612870
19.048000335693	0.53522681252674
19.072000503540	0.53699458282224
19.096000671387	0.53875031787559
19.120000839233	0.54049407887378
19.143999099731	0.54222590518716
19.167999267578	0.54394575874725
19.191999435425	0.54565358530392
19.215999603271	0.54734947457717
19.239999771118	0.54903324388596
19.263999938965	0.55070487335444
19.288000106812	0.55236454071237
19.312000274658	0.55401185838133
19.336000442505	0.55564698744053
19.360000610352	0.55726994064430
19.384000778198	0.55888035600961
19.408000946045	0.56047852141022
19.431999206543	0.56206427134261
19.455999374390	0.56363743588778
19.479999542236	0.56519800177765
19.503999710083	0.56674601646244
19.527999877930	0.56828127749492
19.552000045776	0.56980373949052
19.576000213623	0.57131343824285
19.600000381470	0.57281015837791
19.624000549316	0.57429399554993
19.648000717163	0.57576466138062
19.672000885010	0.57722238748369
19.695999145508	0.57866687868700
19.719999313354	0.58009816885717
19.743999481201	0.58151617129573
19.767999649048	0.58292091290436
19.791999816895	0.58431215988697
19.815999984741	0.58569009172760
19.840000152588	0.58705450548101
19.864000320435	0.58840539445884
19.888000488281	0.58974282642307
19.912000656128	0.59106658476507
19.936000823975	0.59237676676820
19.959999084473	0.59367327670487
19.983999252319	0.59495630251472
20.007999420166	0.59622547128610
20.031999588013	0.59748115382370
20.055999755859	0.59872308100058
20.079999923706	0.59995138424413
20.104000091553	0.60116607537126
20.128000259399	0.60236716470931
20.152000427246	0.60355456454511
20.176000595093	0.60472850119037
20.200000762939	0.60588889229868
20.224000930786	0.60703590440322
20.247999191284	0.60816939446011
20.271999359131	0.60928964463251
20.295999526978	0.61039656968608
20.319999694824	0.61149033466963
20.343999862671	0.61257090790091
20.368000030518	0.61363855787519
20.392000198364	0.61469325794456
20.416000366211	0.61573511031982
20.440000534058	0.61676431401808
20.464000701904	0.61778095645559
20.488000869751	0.61878517229792
20.511999130249	0.61977706252595
20.535999298096	0.62075686565727
20.559999465942	0.62172463054766
20.583999633789	0.62268057726243
20.607999801636	0.62362479808934
20.631999969482	0.62455765317067
20.656000137329	0.62547911343000
20.680000305176	0.62638957118536
20.704000473022	0.62728899923175
20.728000640869	0.62817773411224
20.752000808716	0.62905597360014
20.775999069214	0.62992392967922
20.799999237061	0.63078180967566
20.823999404907	0.63162986319355
20.847999572754	0.63246823473122
20.871999740601	0.63329741128142
20.895999908447	0.63411723609688
20.920000076294	0.63492836875526
20.944000244141	0.63573070208767
20.968000411987	0.63652483022930
20.992000579834	0.63731064870175
21.016000747681	0.63808868281134
21.040000915527	0.63885911374867
21.063999176025	0.63962223841423
21.087999343872	0.64037834334449
21.111999511719	0.64112759573229
21.135999679565	0.64187040854097
21.159999847412	0.64260682283248
21.184000015259	0.64333735124704
21.208000183105	0.64406222303314
21.232000350952	0.64478158959260
21.256000518799	0.64549573213723
21.280000686646	0.64620509688904
21.304000854492	0.64690983335504
21.327999114990	0.64761027897173
21.351999282837	0.64830668779241
21.375999450684	0.64899909449143
21.399999618530	0.64968811976359
21.423999786377	0.65037371912317
21.447999954224	0.65105639833939
21.472000122070	0.65173617578662
21.496000289917	0.65241348186376
21.520000457764	0.65308839800600
21.544000625610	0.65376135945548
21.568000793457	0.65443243406244
21.591999053955	0.65510181944295
21.615999221802	0.65576981587554
21.639999389648	0.65643668132555
21.663999557495	0.65710243202934
21.687999725342	0.65776747941200
21.711999893188	0.65843183890806
21.736000061035	0.65909588046694
21.760000228882	0.65975954269251
21.784000396729	0.66042302802080
21.808000564575	0.66108661960891
21.832000732422	0.66175040503902
21.856000900269	0.66241443308721
21.879999160767	0.66307890191116
21.903999328613	0.66374393390482
21.927999496460	0.66440953279501
21.951999664307	0.66507594332281
21.975999832153	0.66574312123007
22.000000000000	0.66641118542137
22.024000167847	0.66708020701107
22.048000335693	0.66775013692258
22.072000503540	0.66842104178689
22.096000671387	0.66909311076070
22.120000839233	0.66976612488609
22.143999099731	0.67044032502112
22.167999267578	0.67111543442022
22.191999435425	0.67179158162634
22.215999603271	0.67246872679983
22.239999771118	0.67314682985450
22.263999938965	0.67382572795569
22.288000106812	0.67450550068992
22.312000274658	0.67518593376433
22.336000442505	0.67586717143876
22.360000610352	0.67654881524135
22.384000778198	0.67723096145664
22.408000946045	0.67791345737727
22.431999206543	0.67859609255463
22.455999374390	0.67927872361733
22.479999542236	0.67996132574983
22.503999710083	0.68064370096319
22.527999877930	0.68132570267096
22.552000045776	0.68200702047558
22.576000213623	0.68268758359884
22.600000381470	0.68336719036013
22.624000549316	0.68404559266950
22.648000717163	0.68472254424354
22.672000885010	0.68539803962748
22.695999145508	0.68607171936423
22.719999313354	0.68674333346671
22.743999481201	0.68741259037667
22.767999649048	0.68807949363046
22.791999816895	0.68874350678665
22.815999984741	0.68940457861558
22.840000152588	0.69006254028614
22.864000320435	0.69071680391684
22.888000488281	0.69136750363020
22.912000656128	0.69201417840640
22.936000823975	0.69265654333201
22.959999084473	0.69329444404784
22.983999252319	0.69392753876926
23.007999420166	0.69455567504315
23.031999588013	0.69517845695662
23.055999755859	0.69579573564527
23.079999923706	0.69640723589495
23.104000091553	0.69701275208209
23.128000259399	0.69761182535511
23.152000427246	0.69820449917443
23.176000595093	0.69879029426028
23.200000762939	0.69936912043068
23.224000930786	0.69994071176856
23.247999191284	0.70050480959065
23.271999359131	0.70106116121850
23.295999526978	0.70160967860060
23.319999694824	0.70215007902504
23.343999862671	0.70268210409862
23.368000030518	0.70320555261980
23.392000198364	0.70372040591003
23.416000366211	0.70422640294186
23.440000534058	0.70472334571143
23.464000701904	0.70521109241114
23.488000869751	0.70568950400605
23.511999130249	0.70615838071687
23.535999298096	0.70661775910145
23.559999465942	0.70706737791818
23.583999633789	0.70750715604641
23.607999801636	0.70793718626253
23.631999969482	0.70835714779052
23.656000137329	0.70876713166797
23.680000305176	0.70916699306368
23.704000473022	0.70955676112243
23.728000640869	0.70993634900898
23.752000808716	0.71030584460146
23.775999069214	0.71066515463931
23.799999237061	0.71101442292605
23.823999404907	0.71135367625624
23.847999572754	0.71168269739579
23.871999740601	0.71200186373708
23.895999908447	0.71231107668492
23.920000076294	0.71261053115142
23.944000244141	0.71290030261636
23.968000411987	0.71318052211746
23.992000579834	0.71345126404502
24.016000747681	0.71371277356309
24.040000915527	0.71396517981143
24.063999176025	0.71420866568174
24.087999343872	0.71444335705162
24.111999511719	0.71466955206320
24.135999679565	0.71488754936308
24.159999847412	0.71509734776734
24.184000015259	0.71529948098230
24.208000183105	0.71549394177825
24.232000350952	0.71568120207762
24.256000518799	0.71586143236839
24.280000686646	0.71603515753593
24.304000854492	0.71620242500833
24.327999114990	0.71636363956006
24.351999282837	0.71651926237537
24.375999450684	0.71666951550045
24.399999618530	0.71681485707501
24.423999786377	0.71695550763042
24.447999954224	0.71709192328744
24.472000122070	0.71722461795495
24.496000289917	0.71735386746922
24.520000457764	0.71747994630330
24.544000625610	0.71760354406981
24.568000793457	0.71772481454263
24.591999053955	0.71784438676848
24.615999221802	0.71796259071762
24.639999389648	0.71807981605794
24.663999557495	0.71819651066803
24.687999725342	0.71831318266347
24.711999893188	0.71843021886056
24.736000061035	0.71854806700845
24.760000228882	0.71866705411098
24.784000396729	0.71878774591750
24.808000564575	0.71891064840542
24.832000732422	0.71903596916181
24.856000900269	0.71916427344389
24.879999160767	0.71929600779317
24.903999328613	0.71943143946117
24.927999496460	0.71957119348355
24.951999664307	0.71971547816587
24.975999832153	0.71986474041818
25.000000000000	0.72001942780981
