20.000000000000	2.3811571598053
20.220183486239	2.3575575351715
20.440366972477	2.3339581489563
20.660550458716	2.3037343025208
20.880733944954	2.2560472488403
21.100917431193	2.2083597183228
21.321100917431	2.1615495681763
21.541284403670	2.1154565811157
21.761467889908	2.0693638324738
21.981651376147	2.0244193077087
22.201834862385	1.9797183275223
22.422018348624	1.9356011152267
22.642201834862	1.8967347145081
22.862385321101	1.8578685522079
23.082568807339	1.8183977603912
23.302752293578	1.7779198884964
23.522935779817	1.7374416589737
23.743119266055	1.7004261016846
23.963302752294	1.6652753353119
24.183486238532	1.6301242113113
24.403669724771	1.5960624217987
24.623853211009	1.5620884895325
24.844036697248	1.5282016992569
25.064220183486	1.4946613311768
25.284403669725	1.4611213207245
25.504587155963	1.4300808906555
25.724770642202	1.4018032550812
25.944954128440	1.3735259771347
26.165137614679	1.3436766862869
26.385321100917	1.3133038282394
26.605504587156	1.2830420732498
26.825688073394	1.2571266889572
27.045871559633	1.2312110662460
27.266055045872	1.2055768966675
27.486238532110	1.1805988550186
27.706422018349	1.1556208133698
27.926605504587	1.1304695606232
28.146788990826	1.1051900386810
28.366972477064	1.0799107551575
28.587155963303	1.0587341785431
28.807339449541	1.0382817983627
29.027522935780	1.0175260305405
29.247706422018	0.99464857578278
29.467889908257	0.97177124023438
29.688073394495	0.95039623975754
29.908256880734	0.93127506971359
30.128440366972	0.91215372085571
30.348623853211	0.89358508586884
30.568807339450	0.87528228759766
30.788990825688	0.85697972774506
31.009174311927	0.83783102035522
31.229357798165	0.81863778829575
31.449541284404	0.80045944452286
31.669724770642	0.78577601909637
31.889908256881	0.77109271287918
32.110091743119	0.75510281324387
32.330275229358	0.73780643939972
32.550458715596	0.72051036357880
32.770642201835	0.70567023754120
32.990825688073	0.69154322147369
33.211009174312	0.67745494842529
33.431192660550	0.66410392522812
33.651376146789	0.65075314044952
33.871559633028	0.63696616888046
34.091743119266	0.62227404117584
34.311926605505	0.60758185386658
34.532110091743	0.59544932842255
34.752293577982	0.58502292633057
34.972477064220	0.57459652423859
35.192660550459	0.56176769733429
35.412844036697	0.54859566688538
35.633027522936	0.53582936525345
35.853211009174	0.52536022663116
36.073394495413	0.51489108800888
36.293577981651	0.50477188825607
36.513761467890	0.49512609839439
36.733944954128	0.48548018932343
36.954128440367	0.47462365031242
37.174311926606	0.46324828267097
37.394495412844	0.45187288522720
37.614678899083	0.44447931647301
37.834862385321	0.43718770146370
38.055045871560	0.42919737100601
38.275229357798	0.41911092400551
38.495412844037	0.40902447700500
38.715596330275	0.40014117956161
38.935779816514	0.39234614372253
39.155963302752	0.38455113768578
39.376146788991	0.37747839093208
39.596330275229	0.37058636546135
39.816513761468	0.36354073882103
40.036697247706	0.35460236668587
40.256880733945	0.34566396474838
40.477064220183	0.33811143040657
40.697247706422	0.33313262462616
40.917431192661	0.32815375924110
41.137614678899	0.32143110036850
41.357798165138	0.31366220116615
41.577981651376	0.30589342117310
41.798165137615	0.29985538125038
42.018348623853	0.29400965571404
42.238532110092	0.28834256529808
42.458715596330	0.28351762890816
42.678899082569	0.27869278192520
42.899082568807	0.27283003926277
43.119266055046	0.26569882035255
43.339449541284	0.25856763124466
43.559633027523	0.25491333007812
43.779816513761	0.25257778167725
44.000000000000	0.25024223327637
